3205309;VITORIA;ES;4061;4453;4617;0;1;1;2
3205002;SERRA;ES;1399;6960;7486;3;60;404;467
3201308;CARIACICA;ES;611;5489;5938;0;292;355;647
3203205;LINHARES;ES;1602;2378;2380;0;229;269;498
3201209;CACHOEIRO DE ITAPEMIRIM;ES;1699;2531;2552;62;155;117;334
3204906;SAO MATEUS;ES;396;1760;1852;0;226;303;529
3204955;SAO ROQUE DO CANAA;ES;48;142;117;39;111;97;247
3204807;SAO JOSE DO CALCADO;ES;54;98;148;5;24;27;56
3203403;MIMOSO DO SUL;ES;121;307;328;23;119;119;261
3201506;COLATINA;ES;867;1397;1569;0;114;149;263
3204104;PINHEIROS;ES;44;380;401;2;58;96;156
3205200;VILA VELHA;ES;1084;5517;6244;7;10;205;222
3203908;NOVA VENECIA;ES;233;618;740;36;243;263;542
3205176;VILA VALERIO;ES;73;217;267;0;80;115;195
3201407;CASTELO;ES;208;396;437;0;118;126;244
3205069;VENDA NOVA DO IMIGRANTE;ES;197;304;270;5;235;132;372
3202454;IBATIBA;ES;69;336;367;1;177;211;389
3200201;ALEGRE;ES;218;357;369;42;104;83;229
3205036;VARGEM ALTA;ES;79;284;309;48;207;207;462
3204203;PIUMA;ES;111;265;363;3;103;124;230
3203130;JOAO NEIVA;ES;125;182;217;0;20;38;58
3205010;SOORETAMA;ES;232;407;488;45;74;79;198
3205150;VILA PAVAO;ES;15;127;149;1;58;60;119
3204658;SAO DOMINGOS DO NORTE;ES;39;110;123;35;70;86;191
3202306;GUACUI;ES;195;367;369;0;209;91;300
3202504;IBIRACU;ES;85;161;155;0;25;27;52
3106200;BELO HORIZONTE;MG;13339;27222;36411;0;26;463;489
3118007;CONGONHAS;MG;126;797;975;1;108;137;246
3118601;CONTAGEM;MG;1537;6880;7995;1;16;130;147
3155801;RIO POMBA;MG;24;201;246;1;30;48;79
3170701;VARGINHA;MG;759;1551;1671;0;66;146;212
3114550;CARNEIRINHO;MG;39;115;143;16;75;82;173
3167202;SETE LAGOAS;MG;1073;2624;2979;0;317;250;567
3106705;BETIM;MG;2274;5301;6178;1;76;588;665
3161700;SAO GONCALO DO ABAETE;MG;17;77;101;1;19;16;36
3205101;VIANA;ES;602;1059;1031;5;51;49;105
3204054;PEDRO CANARIO;ES;102;314;304;0;16;29;45
3201902;DOMINGOS MARTINS;ES;177;466;445;29;320;342;691
3200102;AFONSO CLAUDIO;ES;169;382;434;2;149;151;302
3203809;MUQUI;ES;41;162;198;0;47;57;104
3200136;AGUIA BRANCA;ES;42;119;149;26;99;114;239
3204500;SANTA LEOPOLDINA;ES;51;114;151;17;93;99;209
3132305;ITAIPE;MG;31;117;225;0;29;103;132
3105608;BARBACENA;MG;446;1443;1676;41;135;132;308
3157203;SANTA BARBARA;MG;114;441;609;0;65;72;137
3126109;FORMIGA;MG;335;731;838;1;37;55;93
3170107;UBERABA;MG;1890;3905;4489;48;385;283;716
3109006;BRUMADINHO;MG;221;497;451;33;262;281;576
3127073;FRUTA DE LEITE;MG;19;55;97;0;0;20;20
3129806;IBIRITE;MG;524;1942;2355;0;104;408;512
3151800;POCOS DE CALDAS;MG;1312;1986;2468;5;45;244;294
3142601;MONSENHOR PAULO;MG;22;122;109;8;32;21;61
3149804;PERDIZES;MG;180;283;308;23;182;106;311
3103504;ARAGUARI;MG;443;1326;1713;1;92;105;198
3127107;FRUTAL;MG;283;715;828;0;92;173;265
3109709;CACHOEIRA DE MINAS;MG;98;165;161;3;31;34;68
3137809;LAMBARI;MG;63;235;286;3;71;106;180
3143500;MORADA NOVA DE MINAS;MG;67;133;100;9;34;13;56
3120904;CURVELO;MG;390;963;1008;1;75;78;154
3117603;CONCEICAO DO PARA;MG;2;42;62;1;21;20;42
3128006;GUANHAES;MG;112;456;430;1;198;143;342
3111408;CAMPO FLORIDO;MG;46;129;143;17;12;18;47
3169356;TRES MARIAS;MG;142;443;462;2;91;98;191
3118304;CONSELHEIRO LAFAIETE;MG;346;1556;1896;0;30;49;79
3120839;CUPARAQUE;MG;21;64;57;0;17;56;73
3123700;ENGENHEIRO CALDAS;MG;64;128;153;0;18;30;48
3136702;JUIZ DE FORA;MG;2578;6196;6925;4;106;224;334
3200409;ANCHIETA;ES;410;456;504;100;172;214;486
3200607;ARACRUZ;ES;655;1372;1528;5;189;232;426
3200904;BARRA DE SAO FRANCISCO;ES;171;590;637;0;132;157;289
3144805;NOVA LIMA;MG;706;1539;1657;5;495;533;1033
3102605;ANDRADAS;MG;165;541;534;0;306;186;492
3170206;UBERLANDIA;MG;4004;8258;9468;0;234;455;689
3168408;TARUMIRIM;MG;30;177;205;0;53;64;117
3131307;IPATINGA;MG;1162;3086;4168;8;26;54;88
3131505;IPUIUNA;MG;54;100;139;4;29;48;81
3101607;ALFENAS;MG;604;910;1077;2;59;105;166
3170404;UNAI;MG;316;985;1155;0;149;231;380
3161304;SAO FRANCISCO DE SALES;MG;16;102;87;0;21;12;33
3202108;ECOPORANGA;ES;158;269;377;4;103;124;231
3202553;IBITIRAMA;ES;49;132;201;1;70;115;186
3202256;GOVERNADOR LINDENBERG;ES;81;121;154;0;60;64;124
3200169;AGUA DOCE DO NORTE;ES;26;152;175;2;59;70;131
3202702;ITAGUACU;ES;54;150;194;0;48;63;111
3200300;ALFREDO CHAVES;ES;67;174;188;0;78;67;145
3125804;FERNANDES TOURINHO;MG;17;34;30;0;15;10;25
3143906;MURIAE;MG;457;1167;1444;11;57;107;175
3123908;ENTRE RIOS DE MINAS;MG;37;193;238;0;66;69;135
3148004;PATOS DE MINAS;MG;792;1678;1931;0;113;131;244
3123601;ELOI MENDES;MG;87;384;398;1;69;78;148
3147303;PARAISOPOLIS;MG;17;250;270;0;141;135;276
3117108;CONCEICAO DA APARECIDA;MG;40;130;155;9;84;115;208
3114402;CARMO DO RIO CLARO;MG;60;218;311;0;134;114;248
3202801;ITAPEMIRIM;ES;327;572;709;0;182;205;387
3202009;DORES DO RIO PRETO;ES;0;107;92;0;50;45;95
3203353;MARILANDIA;ES;66;126;164;4;55;47;106
3202405;GUARAPARI;ES;747;1642;1721;0;113;138;251
3204351;RIO BANANAL;ES;97;274;236;9;171;112;292
3203700;MUNIZ FREIRE;ES;75;238;244;3;114;111;228
3152204;PORTEIRINHA;MG;257;498;642;26;154;208;388
3135100;JANAUBA;MG;641;1037;1138;55;120;158;333
3147006;PARACATU;MG;346;1221;1369;17;160;195;372
3130507;ILICINEA;MG;54;149;142;1;119;63;183
3162500;SAO JOAO DEL REI;MG;271;954;1100;0;36;36;72
3201605;CONCEICAO DA BARRA;ES;227;508;482;7;35;105;147
3152105;PONTE NOVA;MG;341;639;751;0;56;77;133
3162906;SAO JOAO NEPOMUCENO;MG;168;300;302;0;4;18;22
3127008;FRONTEIRA;MG;55;184;242;1;13;84;98
3104304;AREADO;MG;58;238;170;0;38;35;73
3162104;SAO GOTARDO;MG;403;636;681;10;96;221;327
3169703;TURMALINA;MG;162;276;269;21;179;76;276
3145000;NOVA PONTE;MG;89;199;205;2;13;20;35
3138682;LUISLANDIA;MG;18;96;125;1;38;45;84
3164704;SAO SEBASTIAO DO PARAISO;MG;360;893;1009;0;123;111;234
3204302;PRESIDENTE KENNEDY;ES;112;163;200;72;134;161;367
3200805;BAIXO GUANDU;ES;194;390;378;0;29;48;77
3200706;ATILIO VIVACQUA;ES;93;144;196;19;51;75;145
3146107;OURO PRETO;MG;349;860;1111;1;121;133;255
3137403;LAGOA DOURADA;MG;5;150;190;3;76;89;168
3138807;LUZ;MG;76;246;239;3;91;28;122
3124906;EUGENOPOLIS;MG;26;129;143;0;18;36;54
3143302;MONTES CLAROS;MG;1909;5110;6407;32;343;519;894
3124104;ESMERALDAS;MG;19;955;1258;0;402;680;1082
3129509;IBIA;MG;122;367;317;0;36;61;97
3133501;ITAPECERICA;MG;27;238;281;8;108;76;192
3115102;CASSIA;MG;89;215;228;1;34;44;79
3165537;SARZEDO;MG;130;481;528;1;9;187;197
3117801;CONCEICAO DO OUROS;MG;51;133;187;33;64;63;160
3121605;DIAMANTINA;MG;505;742;739;26;37;45;108
3127701;GOVERNADOR VALADARES;MG;2134;3463;3973;3;73;103;179
3134400;ITURAMA;MG;178;476;504;0;62;61;123
3122306;DIVINOPOLIS;MG;675;2463;2718;15;211;237;463
3143104;MONTE CARMELO;MG;237;566;649;1;34;65;100
3110905;CAMPANHA;MG;85;204;205;15;46;76;137
3169901;UBA;MG;522;1277;1376;29;150;186;365
3119302;COROMANDEL;MG;147;337;474;3;93;76;172
3150505;PIMENTA;MG;11;106;126;1;47;59;107
3145109;NOVA RESENDE;MG;68;203;244;12;144;164;320
3167707;SOBRALIA;MG;36;114;93;1;19;24;44
3147907;PASSOS;MG;431;1448;1602;2;65;144;211
3136306;JOAO PINHEIRO;MG;106;589;807;0;92;89;181
3156908;SACRAMENTO;MG;102;391;436;4;232;154;390
3132404;ITAJUBA;MG;498;1195;1304;0;202;194;396
3127404;GONCALVES;MG;0;46;56;0;38;41;79
3163805;SAO MIGUEL DO ANTA;MG;21;75;79;12;33;39;84
3103900;ARAUJOS;MG;33;108;113;0;36;10;46
3121803;DIONISIO;MG;5;86;119;0;3;10;13
3106309;BELO ORIENTE;MG;166;367;366;1;150;158;309
3141801;MINAS NOVAS;MG;107;361;462;4;185;120;309
3154606;RIBEIRAO DAS NEVES;MG;810;3861;4969;0;80;222;302
3110202;CAJURI;MG;0;57;62;0;16;27;43
3119104;CORINTO;MG;81;271;318;0;124;141;265
3117504;CONCEICAO DO MATO DENTRO;MG;78;287;349;0;39;46;85
3108909;BRASOPOLIS;MG;47;180;204;9;105;86;200
3149705;PERDIGAO;MG;83;156;144;0;53;68;121
3133758;ITAU DE MINAS;MG;61;209;210;9;51;56;116
3114105;CARMO DE MINAS;MG;32;159;167;4;47;63;114
3115359;CATAS ALTAS;MG;15;78;78;0;8;15;23
3139409;MANHUACU;MG;380;1335;1439;1;225;229;455
3302502;MAGE;RJ;721;3092;4333;10;27;28;65
3301009;CAMPOS DOS GOYTACAZES;RJ;3406;5989;7531;250;447;589;1286
3303302;NITEROI;RJ;2270;4843;5482;18;35;30;83
3304557;RIO DE JANEIRO;RJ;38497;71779;80887;352;40570;48446;89368
3160702;SANTOS DUMONT;MG;246;511;665;0;55;71;126
3101102;AIMORES;MG;107;292;321;0;56;58;114
3143203;MONTE SANTO DE MINAS;MG;128;233;316;4;53;84;141
3149309;PEDRO LEOPOLDO;MG;270;969;1060;0;100;64;164
3126703;FRANCISCO SA;MG;70;320;344;8;84;112;204
3160009;SANTO ANTONIO DO AVENTUREIRO;MG;2;40;59;0;24;34;58
3204252;PONTO BELO;ES;50;114;108;1;20;27;48
3171006;VAZANTE;MG;133;235;316;4;25;43;72
3131901;ITABIRITO;MG;266;642;752;0;77;336;413
3111200;CAMPO BELO;MG;266;599;779;1;18;75;94
3165008;SAO TIAGO;MG;48;152;138;0;7;11;18
3141108;MATOZINHOS;MG;126;599;502;0;120;92;212
3164308;SAO ROQUE DE MINAS;MG;16;76;105;11;30;41;82
3154309;RESPLENDOR;MG;30;228;232;2;45;47;94
3171808;VIRGINOPOLIS;MG;34;175;194;1;53;55;109
3203346;MARECHAL FLORIANO;ES;114;232;227;3;105;118;226
3301900;ITABORAI;RJ;306;2533;3243;2;177;407;586
3305109;SAO JOAO DE MERITI;RJ;639;4804;5710;0;47;82;129
3303203;NILOPOLIS;RJ;397;1718;2007;0;48;73;121
3304144;QUEIMADOS;RJ;176;1712;2453;0;225;418;643
3304904;SAO GONCALO;RJ;1672;7416;9762;22;394;1128;1544
3300456;BELFORD ROXO;RJ;680;4149;6117;1;238;344;583
3301702;DUQUE DE CAXIAS;RJ;1580;8746;11769;64;388;355;807
3305000;SAO JOAO DA BARRA;RJ;391;538;618;38;81;159;278
3305505;SAQUAREMA;RJ;451;977;1088;17;134;141;292
3138401;LEOPOLDINA;MG;283;579;713;55;130;227;412
3161403;SAO FRANCISCO DO GLORIA;MG;7;65;70;1;22;19;42
3128907;GUIMARANIA;MG;18;74;90;2;33;25;60
3153004;PRATINHA;MG;14;35;46;0;12;25;37
3162203;SAO JOAO BATISTA DO GLORIA;MG;51;89;85;30;17;19;66
3166907;SERRANIA;MG;45;94;99;0;8;0;8
3302205;ITAPERUNA;RJ;462;1111;1332;21;61;124;206
3152501;POUSO ALEGRE;MG;892;1740;1963;0;97;233;330
3145901;OURO BRANCO;MG;246;535;596;1;50;90;141
3114303;CARMO DO PARANAIBA;MG;145;358;417;2;28;55;85
3164209;SAO ROMAO;MG;3;105;138;0;5;12;17
3120508;CRISTINA;MG;36;139;121;36;42;47;125
3133808;ITAUNA;MG;322;982;1235;2;70;78;150
3116704;COIMBRA;MG;42;82;125;7;50;87;144
3138625;LIMEIRA DO OESTE;MG;32;79;104;0;15;22;37
3118700;COQUEIRAL;MG;22;125;145;0;95;33;128
3131703;ITABIRA;MG;510;1332;1545;7;279;230;516
3105103;BAMBUI;MG;95;245;290;9;69;36;114
3158953;SANTANA DO PARAISO;MG;75;335;393;11;48;53;112
3153202;PRESIDENTE JUSCELINO;MG;24;47;54;5;36;43;84
3142254;MIRAVANIA;MG;35;78;71;7;25;30;62
3151503;PIUMHI;MG;217;441;452;0;161;229;390
3159704;SANTA ROSA DA SERRA;MG;30;65;79;9;47;37;93
3150109;PIAU;MG;0;27;39;0;27;38;65
3134707;JACINTO;MG;47;151;194;0;49;89;138
3117207;CONCEICAO DAS PEDRAS;MG;2;25;31;1;15;24;40
3168606;TEOFILO OTONI;MG;575;1706;2332;7;166;274;447
3153400;PRESIDENTE OLEGARIO;MG;69;275;286;2;64;80;146
3136207;JOAO MONLEVADE;MG;286;773;1008;118;386;379;883
3141306;MEDEIROS;MG;22;55;72;2;26;23;51
3162005;SAO GONCALO DO SAPUCAI;MG;138;364;388;8;74;80;162
3113206;CARANDAI;MG;20;300;305;5;175;79;259
3303906;PETROPOLIS;RJ;1688;3590;3946;39;316;339;694
3302858;MESQUITA;RJ;473;1525;2068;10;27;53;90
3203056;JAGUARE;ES;248;440;612;0;73;73;146
3306305;VOLTA REDONDA;RJ;1928;3407;3428;6;14;29;49
3303005;MIRACEMA;RJ;184;344;358;4;16;21;41
3303500;NOVA IGUACU;RJ;704;8174;11847;35;417;765;1217
3203502;MONTANHA;ES;204;270;318;15;129;49;193
3300605;BOM JESUS DO ITABAPOANA;RJ;269;458;550;32;100;105;237
3152006;POMPEU;MG;181;422;422;0;28;40;68
3305802;TERESOPOLIS;RJ;813;1921;2245;0;335;415;750
3303609;PARACAMBI;RJ;46;461;647;0;45;93;138
3303401;NOVA FRIBURGO;RJ;1100;2170;2689;0;230;312;542
3302007;ITAGUAI;RJ;869;1762;1840;0;236;208;444
3304300;RIO BONITO;RJ;401;676;740;29;93;114;236
3302254;ITATIAIA;RJ;184;391;433;17;234;244;495
3300803;CACHOEIRAS DE MACACU;RJ;259;722;877;0;126;170;296
3124203;ESPERA FELIZ;MG;111;390;376;1;51;98;150
3168705;TIMOTEO;MG;451;1005;1233;2;212;201;415
3136900;JURUAIA;MG;49;131;122;1;35;46;82
3120409;CRISTIANO OTONI;MG;1;61;75;1;47;25;73
3147105;PARA DE MINAS;MG;567;1112;1271;11;85;76;172
3169604;TUPACIGUARA;MG;115;344;500;0;34;48;82
3136405;JOAQUIM FELICIO;MG;20;40;53;8;24;20;52
3203007;IUNA;ES;99;377;422;2;182;261;445
3304110;PORTO REAL;RJ;96;294;348;69;183;248;500
3304524;RIO DAS OSTRAS;RJ;505;2018;2162;0;87;132;219
3204609;SANTA TERESA;ES;129;294;296;0;132;213;345
3303807;PARATI;RJ;133;574;697;16;135;186;337
3202652;IRUPI;ES;63;159;185;0;86;120;206
3202900;ITARANA;ES;42;106;113;10;65;75;150
3151909;POCRANE;MG;3;90;149;3;66;24;93
3163706;SAO LOURENCO;MG;296;571;612;0;161;163;324
3161809;SAO GONCALO DO PARA;MG;61;144;168;44;84;104;232
3147204;PARAGUACU;MG;124;254;320;9;47;97;153
3115300;CATAGUASES;MG;370;797;841;1;32;15;48
3130101;IGARAPE;MG;300;609;719;101;210;233;544
3162955;SAO JOSE DA LAPA;MG;131;381;443;88;273;313;674
3159100;SANTANA DO MONTES;MG;4;32;39;2;14;30;46
3304003;PIRAI;RJ;88;358;362;1;144;115;260
3164506;SAO SEBASTIAO DO MARANHAO;MG;0;103;198;0;57;87;144
3304607;SANTA MARIA MADALENA;RJ;56;93;143;37;51;70;158
3108404;BOTELHOS;MG;76;251;234;2;135;93;230
3137536;LAGOA GRANDE;MG;52;105;113;0;18;26;44
3170578;VARGEM ALEGRE;MG;10;88;63;0;12;7;19
3111002;CAMPESTRE;MG;55;219;224;3;103;103;209
3163201;SAO JOSE DO ALEGRE;MG;0;64;58;0;24;17;41
3109402;BURITIZEIRO;MG;69;310;537;0;5;46;51
3204005;PANCAS;ES;92;196;265;0;83;70;153
3300936;CARAPEBUS;RJ;30;157;201;0;84;105;189
3300407;BARRA MANSA;RJ;301;1986;2363;14;76;118;208
3305554;SEROPEDICA;RJ;232;1125;1175;8;59;55;122
3113701;CARLOS CHAGAS;MG;46;227;290;0;64;82;146
3130200;IGARATINGA;MG;8;131;144;1;13;24;38
3104007;ARAXA;MG;1003;1336;1582;0;50;129;179
3300704;CABO FRIO;RJ;1127;2633;2904;68;222;225;515
3130705;INDIANOPOLIS;MG;36;80;76;14;54;22;90
3302452;MACUCO;RJ;56;105;128;18;32;56;106
3306008;TRES RIOS;RJ;474;1139;1203;100;131;73;304
3301405;CONCEICAO DE MACABU;RJ;152;295;311;24;134;100;258
3204708;SAO GABRIEL DA PALHA;ES;155;382;427;0;55;80;135
3144102;MUZAMBINHO;MG;80;239;277;4;90;113;207
3200359;ALTO RIO NOVO;ES;52;123;125;0;47;59;106
3140308;MARLIERIA;MG;4;56;61;2;12;19;33
3116159;CHAPADA GAUCHA;MG;74;165;234;0;22;74;96
3130903;INHAPIM;MG;67;248;348;12;129;109;250
3203304;MANTENOPOLIS;ES;79;199;354;9;78;123;210
3201704;CONCEICAO DO CASTELO;ES;72;154;152;0;107;96;203
3162922;SAO JOAQUIM DE BICAS;MG;105;433;423;3;177;260;440
3550308;SAO PAULO;SP;104746;150544;165517;12;18468;8492;26972
3302601;MANGARATIBA;RJ;241;577;689;36;96;131;263
3305208;SAO PEDRO DA ALDEIA;RJ;343;1376;1451;47;288;251;586
3301504;CORDEIRO;RJ;125;233;344;0;6;25;31
3502804;ARACATUBA;SP;1477;2358;2511;8;97;287;392
3139003;MACHADO;MG;284;457;571;75;143;187;405
3541307;PRESIDENTE EPITACIO;SP;226;558;595;0;92;88;180
3304706;SANTO ANTONIO DE PADUA;RJ;181;498;536;3;47;94;144
3300209;ARARUAMA;RJ;416;1604;1913;21;263;501;785
3300506;BOM JARDIM;RJ;96;345;363;22;163;163;348
3301850;GUAPIMIRIM;RJ;216;648;760;0;63;81;144
3300159;APERIBE;RJ;103;119;79;30;28;53;111
3300233;ARMACAO DO BUZIOS;RJ;223;547;725;0;125;210;335
3169406;TRES PONTAS;MG;370;723;699;2;93;143;238
3551702;SERTAOZINHO;SP;893;1633;1794;3;177;215;395
3102506;AMPARO DO SERRA;MG;0;67;61;0;36;30;66
3507001;BOITUVA;SP;328;823;919;0;76;163;239
3524709;JAGUARIUNA;SP;414;612;722;18;64;184;266
3553708;TAQUARITINGA;SP;350;568;867;27;105;268;400
3129400;IBERTIOGA;MG;0;65;65;0;32;21;53
3144607;NEPOMUCENO;MG;108;316;335;0;41;55;96
3204401;RIO NOVO DO SUL;ES;65;150;143;0;42;49;91
3201100;BOM JESUS DO NORTE;ES;69;132;92;1;7;13;21
3200508;APIACA;ES;35;73;89;0;24;37;61
3203163;LARANJA DA TERRA;ES;11;117;110;0;78;59;137
3156452;ROSARIO DA LIMEIRA;MG;17;52;61;1;13;34;48
3145307;NOVO CRUZEIRO;MG;100;476;608;6;196;275;477
3170800;VARZEA DA PALMA;MG;73;419;463;3;32;50;85
3120870;CURRAL DE DENTRO;MG;7;132;129;0;17;15;32
3138203;LAVRAS;MG;714;1152;1227;0;56;64;120
3112307;CAPELINHA;MG;158;640;623;0;123;81;204
3542602;REGISTRO;SP;455;826;869;0;113;178;291
3549102;SAO JOAO DA BOA VISTA;SP;611;963;1030;4;78;170;252
3512803;COSMOPOLIS;SP;334;811;847;0;49;66;115
3504503;AVARE;SP;803;1199;1225;0;101;136;237
3510401;CAPIVARI;SP;281;665;670;0;133;137;270
3549904;SAO JOSE DOS CAMPOS;SP;4558;9521;9366;0;4;725;729
3522307;ITAPETININGA;SP;1158;2019;2410;2;84;123;209
3552205;SOROCABA;SP;4864;8417;8619;3;116;675;794
3548906;SAO CARLOS;SP;1854;2811;3179;4;60;153;217
3522208;ITAPECERICA DA SERRA;SP;1105;2558;2931;0;56;237;293
3517604;GUAPIARA;SP;38;276;254;0;78;77;155
3144508;NAZARENO;MG;35;111;117;0;18;14;32
3139607;MANTENA;MG;96;394;407;0;51;75;126
3107109;BOA ESPERANCA;MG;281;583;571;0;86;68;154
3305604;SILVA JARDIM;RJ;102;362;358;0;111;92;203
3305406;SAPUCAIA;RJ;49;218;230;0;84;101;185
3549805;SAO JOSE DO RIO PRETO;SP;3440;5238;5536;219;510;424;1153
3113404;CARATINGA;MG;433;1320;1234;0;205;262;467
3305307;SAO SEBASTIAO DO ALTO;RJ;66;100;100;13;46;47;106
3304201;RESENDE;RJ;661;1686;2116;5;82;167;254
3518701;GUARUJA;SP;1596;4166;4727;0;1;33;34
3557105;VOTUPORANGA;SP;671;994;1016;1;35;52;88
3515103;EMBU-GUACU;SP;505;1076;1191;0;52;347;399
3513009;COTIA;SP;1320;3977;4243;0;375;582;957
3505203;BARIRI;SP;228;372;381;0;7;24;31
3503901;ARUJA;SP;643;1250;1352;0;67;140;207
3530607;MOGI DAS CRUZES;SP;3158;6124;8097;0;552;1418;1970
3510609;CARAPICUIBA;SP;1876;4624;5716;0;0;25;25
3541000;PRAIA GRANDE;SP;2643;4346;5081;0;2;0;2
3505500;BARRETOS;SP;961;1304;1785;0;38;118;156
3513801;DIADEMA;SP;2940;5340;6890;0;2;8;10
3550605;SAO ROQUE;SP;637;1154;1209;0;204;373;577
3554102;TAUBATE;SP;3658;5500;5681;29;144;164;337
3548500;SANTOS;SP;3650;4719;6225;49;219;245;513
3539103;PIRAPORA DO BOM JESUS;SP;211;305;284;14;39;123;176
3548708;SAO BERNARDO DO CAMPO;SP;5987;10809;12239;0;1;4;5
3506706;BOA ESPERANCA DO SUL;SP;92;157;158;0;2;9;11
3507902;BROTAS;SP;115;279;388;0;70;74;144
3525003;JANDIRA;SP;957;1617;1761;0;0;2;2
3302403;MACAE;RJ;2270;3772;3998;528;914;925;2367
3122009;DIVINO;MG;34;198;317;0;17;61;78
3203320;MARATAIZES;ES;237;490;625;28;106;223;357
3513504;CUBATAO;SP;938;1684;1821;0;0;0;0
3518404;GUARATINGUETA;SP;704;1431;1696;0;84;91;175
3546405;SANTA CRUZ DO RIO PARDO;SP;331;704;767;10;28;38;76
3156007;RIO VERMELHO;MG;42;189;187;3;37;94;134
3104403;ARGIRITA;MG;39;35;44;37;33;9;79
3201001;BOA ESPERANCA;ES;94;227;217;0;53;49;102
3202603;ICONHA;ES;94;135;141;4;65;51;120
3518800;GUARULHOS;SP;8218;18721;20334;4;1433;1766;3203
3204559;SANTA MARIA DE JETIBA;ES;148;571;533;0;278;297;575
3112406;CAPETINGA;MG;0;79;108;0;14;24;38
3144706;NOVA ERA;MG;103;241;270;1;28;48;77
3141405;MEDINA;MG;52;288;292;11;52;55;118
3128709;GUAXUPE;MG;285;585;714;0;42;71;113
3103751;ARAPORA;MG;119;148;163;6;133;163;302
3128303;GUARANESIA;MG;94;224;243;15;127;108;250
3122702;DOM SILVERIO;MG;22;40;47;0;2;9;11
3168002;TAIOBEIRAS;MG;169;465;505;3;68;120;191
3156700;SABARA;MG;549;1567;2058;83;466;570;1119
3164407;SAO SEBASTIAO DA BELA VISTA;MG;0;91;144;0;43;65;108
3171154;VERMELHO NOVO;MG;17;67;70;1;59;62;122
3137502;LAGOA FORMOSA;MG;142;209;260;0;38;68;106
3171303;VICOSA;MG;609;890;933;9;85;159;253
3113305;CARANGOLA;MG;131;406;421;2;63;57;122
3151701;POCO FUNDO;MG;37;188;215;17;116;85;218
3149150;PEDRAS DE MARIA DA CRUZ;MG;25;124;183;1;14;25;40
3162609;SAO JOAO DO ORIENTE;MG;46;85;158;4;14;30;48
3149507;PEQUERI;MG;9;64;37;0;28;6;34
3125705;FELIXLANDIA;MG;39;157;176;12;41;57;110
3113909;CARMO DA CACHOEIRA;MG;46;157;163;0;44;57;101
3140555;MATA VERDE;MG;37;107;126;13;82;35;130
3135209;JANUARIA;MG;190;1023;1280;5;125;194;324
3108008;BOM SUCESSO;MG;39;204;204;0;45;39;84
3118403;CONSELHEIRO PENA;MG;57;247;364;0;31;41;72
3115607;CEDRO DO ABAETE;MG;8;11;17;0;1;3;4
3168101;TAPIRA;MG;24;66;46;0;22;16;38
3123007;DORES DE CAMPOS;MG;26;110;133;0;20;117;137
3136652;JUATUBA;MG;167;454;516;2;137;246;385
3170057;UBAPORANGA;MG;59;167;186;10;73;91;174
3306156;VARRE-SAI;RJ;25;160;157;1;92;56;149
3303708;PARAIBA DO SUL;RJ;235;601;759;0;81;123;204
3302270;JAPERI;RJ;183;1117;1521;29;481;619;1129
3114501;CARMOPOLIS DE MINAS;MG;17;222;227;0;44;51;95
3300100;ANGRA DO REIS;RJ;522;1942;2331;1;32;84;117
3154101;RECREIO;MG;19;91;113;2;8;7;17
3135506;JEQUERI;MG;73;137;178;6;101;108;215
3172004;VISCONDE DO RIO BRANCO;MG;211;492;531;3;154;123;280
3100708;AGUA COMPRIDA;MG;1;26;23;0;12;10;22
3159209;SANTA RITA DE CALDAS;MG;30;85;83;18;32;35;85
3113800;CARMESIA;MG;17;66;67;7;25;25;57
3109451;CABECEIRA GRANDE;MG;54;100;102;2;15;16;33
3110806;CAMPANARIO;MG;23;52;48;6;11;9;26
3135308;JAPARAIBA;MG;24;57;65;0;20;23;43
3151107;PIRAPETINGA;MG;111;116;120;27;52;44;123
3159902;SANTO ANTONIO DO AMPARO;MG;44;256;222;0;17;22;39
3161056;SAO FELIX DE MINAS;MG;43;41;39;13;14;15;42
3104502;ARINOS;MG;93;215;299;4;47;88;139
3125606;FELISBURGO;MG;31;94;113;0;9;18;27
3108602;BRASILIA DE MINAS;MG;114;402;486;63;252;115;430
3140803;MATIAS BARBOSA;MG;38;170;174;21;41;58;120
3162401;SAO JOAO DA PONTE;MG;76;296;350;3;53;83;139
3157807;SANTA LUZIA;MG;378;2058;2940;0;34;57;91
3119401;CORONEL FABRICIANO;MG;622;1306;1403;0;81;474;555
3117900;CONGONHAL;MG;46;113;124;0;41;27;68
3140001;MARIANA;MG;269;875;973;4;85;106;195
3151305;PIRAUBA;MG;26;161;278;15;41;41;97
3146503;PAINS;MG;33;80;98;12;46;49;107
3151008;PIRANGUINHO;MG;23;103;127;0;26;56;82
3107505;BOM JARDIM DE MINAS;MG;2;76;86;0;39;7;46
3159001;SANTANA DO RIACHO;MG;14;59;68;14;35;47;96
3133105;ITANHANDU;MG;82;173;236;14;91;48;153
3151404;PITANGUI;MG;113;326;383;11;35;38;84
3203601;MUCURICI;ES;38;62;124;1;6;24;31
3157005;SALINAS;MG;187;503;615;1;33;69;103
3161908;SAO GONCALO DO RIO ABAIXO;MG;99;160;166;68;135;148;351
3111507;CAMPOS ALTOS;MG;105;244;244;1;20;28;49
3139904;MARIA DA FE;MG;67;179;187;13;63;67;143
3110004;CAETE;MG;116;564;711;7;116;163;286
3120201;CRISTAIS;MG;47;168;131;1;42;59;102
3202207;FUNDAO;ES;65;226;217;12;46;91;149
3104205;ARCOS;MG;211;496;567;0;26;33;59
3136959;JUVENILIA;MG;14;93;110;0;9;9;18
3156809;SABINOPOLIS;MG;46;243;247;0;77;68;145
3301207;CARMO;RJ;107;235;233;58;77;52;187
3203106;JERONIMO MONTEIRO;ES;58;154;173;0;93;70;163
3117702;CONCEICAO DO RIO VERDE;MG;63;207;193;5;27;46;78
3302700;MARICA;RJ;477;1955;2433;30;231;326;587
3306107;VALENCA;RJ;360;909;899;0;178;176;354
3506508;BIRIGUI;SP;933;1428;1552;0;44;113;157
3508108;BURITAMA;SP;73;203;220;0;32;23;55
3102902;ANTONIO CARLOS;MG;6;116;157;3;53;75;131
3137601;LAGOA SANTA;MG;526;842;962;0;177;186;363
3170909;VARZELANDIA;MG;84;307;430;3;72;125;200
3100906;AGUAS FORMOSAS;MG;136;266;294;1;16;45;62
3105301;BANDEIRA DO SUL;MG;35;91;88;0;42;11;53
3121704;DIOGO DE VASCONCELOS;MG;2;33;75;1;27;68;96
3148103;PATROCINIO;MG;565;1151;1380;3;187;322;512
3507753;BREJO ALEGRE;SP;16;36;36;0;10;5;15
3171600;VIRGEM DA LAPA;MG;38;131;217;1;36;45;82
3201803;DIVINO DE SAO LOURENCO;ES;0;54;66;0;39;22;61
3525904;JUNDIAI;SP;2770;5304;5719;340;259;496;1095
3527256;LOURDES;SP;13;34;24;0;0;0;0
3107703;BOM JESUS DO AMPARO;MG;32;101;81;5;58;52;115
3144904;NOVA MODICA;MG;29;57;63;0;15;10;25
3123304;DORES DO TURVO;MG;0;61;57;0;61;56;117
3304102;PORCIUNCULA;RJ;124;259;268;24;95;83;202
3106903;BICAS;MG;50;202;165;1;24;7;32
3139508;MANHUMIRIM;MG;72;276;285;22;50;42;114
3201159;BREJETUBA;ES;41;187;227;2;121;148;271
3305752;TANGUA;RJ;138;452;468;0;69;93;162
3304805;SAO FIDELIS;RJ;213;432;462;2;56;73;131
3304755;SAO FRANCISCO DE ITABAPOANA;RJ;191;652;685;75;228;265;568
3169802;TURVOLANDIA;MG;12;72;64;1;54;44;99
3142304;MOEDA;MG;0;68;71;0;50;48;98
3160405;SANTO ANTONIO DO MONTE;MG;162;365;369;0;21;36;57
3111606;CAMPOS GERAIS;MG;155;331;368;4;79;86;169
3137205;LAGOA DA PRATA;MG;221;609;649;0;13;15;28
3103801;ARAPUA;MG;15;35;56;15;35;41;91
3122108;DIVINO DAS LARANJEIRAS;MG;29;66;122;9;29;35;73
3110509;CAMANDUCAIA;MG;309;410;339;44;169;191;404
3300308;BARRA DO PIRAI;RJ;340;1038;1046;29;194;202;425
3301876;IGUABA GRANDE;RJ;186;358;438;0;81;91;172
3506409;BILAC;SP;51;102;82;0;8;11;19
3555208;TURIUBA;SP;18;32;23;0;4;2;6
3517109;GLICERIO;SP;55;60;67;20;34;31;85
3537701;PIACATU;SP;50;56;107;1;7;4;12
3512506;COROADOS;SP;38;53;56;0;6;8;14
3529005;MARILIA;SP;2182;2860;2832;46;428;170;644
3516507;GABRIEL MONTEIRO;SP;36;29;32;0;3;5;8
3547304;SANTANA DE PARNAIBA;SP;1492;2228;2584;0;71;259;330
3304409;RIO CLARO;RJ;81;209;286;11;138;202;351
3301306;CASIMIRO DE ABREU;RJ;371;660;675;0;65;83;148
3302304;LAJE DO MURIAE;RJ;40;99;111;13;56;64;133
3119708;CORONEL XAVIER CHAVES;MG;0;41;47;0;32;38;70
3117836;CONEGO MARINHO;MG;25;95;132;6;38;76;120
3100203;ABAETE;MG;129;254;278;0;21;31;52
3140407;MARMELOPOLIS;MG;0;33;36;0;21;25;46
3168309;TAQUARACU DE MINAS;MG;24;69;71;6;41;49;96
3129202;HELIODORA;MG;24;95;98;0;23;31;54
3136520;JOSE GONCALVES DE MINAS;MG;33;49;85;2;15;27;44
3112604;CAPINOPOLIS;MG;53;196;202;0;129;21;150
3112901;CAPUTIRA;MG;18;107;145;0;27;32;59
3116605;CLAUDIO;MG;193;347;499;0;91;131;222
3301603;DUAS BARRAS;RJ;71;161;150;25;120;112;257
3300258;ARRAIAL DO CABO;RJ;305;397;456;21;33;32;86
3300225;AREAL;RJ;40;156;148;0;86;74;160
3303856;PATY DO ALFERES;RJ;76;358;392;0;212;242;454
3300902;CAMBUCI;RJ;66;148;190;1;30;45;76
3128501;GUARARA;MG;0;36;42;0;32;27;59
3122603;DOM JOAQUIM;MG;42;72;69;28;55;18;101
3306206;VASSOURAS;RJ;184;454;466;40;199;171;410
3305133;SAO JOSE DE UBA;RJ;22;77;91;6;56;72;134
3142809;MONTE ALEGRE DE MINAS;MG;97;233;248;1;33;41;75
3162807;SAO JOAO EVANGELISTA;MG;39;204;245;0;74;73;147
3167608;SIMONESIA;MG;5;273;313;3;154;144;301
3302809;MENDES;RJ;117;200;217;68;114;135;317
3169307;TRES CORACOES;MG;285;934;1108;1;148;244;393
3106507;BERILO;MG;41;106;168;12;40;87;139
3304508;RIO DAS FLORES;RJ;79;108;154;44;44;70;158
3163003;SAO JOSE DA SAFIRA;MG;0;81;76;0;17;10;27
3146305;PADRE PARAISO;MG;89;187;261;2;28;55;85
3509601;CAMPO LIMPO PAULISTA;SP;431;1213;1336;0;182;224;406
3523404;ITATIBA;SP;940;1452;1377;0;186;234;420
3527306;LOUVEIRA;SP;412;673;691;47;190;220;457
3144375;NATALANDIA;MG;14;53;52;0;10;13;23
3144359;NAQUE;MG;40;103;125;0;4;0;4
3156106;RITAPOLIS;MG;0;47;45;0;26;21;47
3115904;CHACARA;MG;4;32;31;2;14;19;35
3132701;ITAMBACURI;MG;82;330;424;2;69;110;181
3110301;CALDAS;MG;42;142;151;21;126;104;251
3101706;ALMENARA;MG;76;535;654;3;56;211;270
3126802;FREI GASPAR;MG;8;92;104;0;39;53;92
3131604;IRAI DE MINAS;MG;52;84;95;2;30;21;53
3151206;PIRAPORA;MG;291;803;971;0;35;60;95
3165909;SENADOR MODESTINO GONCALVES;MG;14;53;53;0;29;53;82
3134905;JACUTINGA;MG;150;350;364;0;138;122;260
3101904;ALPINOPOLIS;MG;76;221;211;25;34;32;91
3100807;AGUANIL;MG;37;84;94;0;6;27;33
3168903;TIROS;MG;36;61;122;23;11;23;57
3157708;SANTA JULIANA;MG;28;174;205;19;32;44;95
3138500;LIBERDADE;MG;0;55;68;0;11;27;38
3133402;ITAPAGIPE;MG;72;148;173;0;20;25;45
3101508;ALEM PARAIBA;MG;218;442;531;0;31;97;128
3109600;CACHOEIRA DA PRATA;MG;35;47;45;25;43;29;97
3105509;BARAO DE MONTE ALTO;MG;22;87;118;0;17;23;40
3111101;CAMPINA VERDE;MG;73;197;225;0;57;45;102
3127800;GRAO MOGOL;MG;59;175;251;30;106;106;242
3149903;PERDOES;MG;63;227;290;2;38;25;65
3126950;FREI LAGONEGRO;MG;12;30;56;2;13;32;47
3164001;SAO PEDRO DO FERROS;MG;22;74;111;0;8;22;30
3130408;IJACI;MG;0;96;102;0;35;34;69
3139300;MANGA;MG;89;317;365;6;37;50;93
3111903;CANA VERDE;MG;0;65;57;0;16;18;34
3154903;RIO CASCA;MG;86;178;184;2;28;27;57
3126208;FORMOSO;MG;20;136;165;0;41;45;86
3143005;MONTE BELO;MG;63;123;182;3;85;28;116
3145877;ORIZANIA;MG;16;112;114;1;67;81;149
3305703;SUMIDOURO;RJ;40;159;226;6;118;175;299
3108107;BONFIM;MG;5;68;69;3;56;58;117
3135076;JAMPRUCA;MG;7;58;73;0;14;26;40
3132107;ITACARAMBI;MG;178;284;354;10;9;22;41
3168051;TAPARUBA;MG;0;43;57;0;10;7;17
3102852;ANGELANDIA;MG;22;131;158;5;96;103;204
3165552;SETUBINHA;MG;23;117;242;4;42;85;131
3301157;CARDOSO MOREIRA;RJ;74;192;207;43;102;111;256
3303104;NATIVIDADE;RJ;120;165;191;48;64;63;175
3159803;SANTA VITORIA;MG;109;239;298;0;37;46;83
3171204;VESPASIANO;MG;139;1543;1661;1;74;295;370
3144656;NINHEIRA;MG;38;140;116;6;48;52;106
3153103;PRESIDENTE BERNARDES;MG;14;43;101;0;20;41;61
3147956;PATIS;MG;43;80;94;3;20;29;52
3167004;SERRANOS;MG;0;22;24;0;20;19;39
3123205;DORES DO INDAIA;MG;42;151;173;19;29;43;91
3134202;ITUIUTABA;MG;494;1184;1426;9;63;142;214
3169505;TUMIRITINGA;MG;34;105;93;7;27;28;62
3166808;SERRA DO SALITRE;MG;71;182;212;0;29;47;76
3125309;FARIA LEMOS;MG;18;47;68;0;15;36;51
3126000;FLORESTAL;MG;54;118;99;2;26;43;71
3152808;PRATA;MG;81;373;409;0;65;95;160
3146255;PADRE CARVALHO;MG;0;63;107;0;4;7;11
3142908;MONTE AZUL;MG;50;263;283;19;102;58;179
3155504;RIO PARANAIBA;MG;49;225;186;0;69;33;102
3133204;ITANHOMI;MG;95;177;172;0;37;39;76
3117405;CONCEICAO DE IPANEMA;MG;18;52;51;2;23;17;42
3126752;FRANCISCOPOLIS;MG;0;62;74;0;25;27;52
3164431;SAO SEBASTIAO DA VARGEM ALEGRE;MG;20;47;104;7;43;100;150
3121407;DESTERRO DE ENTRE RIOS;MG;0;65;91;0;39;31;70
3160504;SANTO ANTONIO DO RIO ABAIXO;MG;0;24;35;0;9;18;27
3162575;SAO JOAO DO MANTENINHA;MG;0;81;69;0;13;14;27
3165560;SEM PEIXE;MG;16;25;34;16;22;9;47
3155702;RIO PIRACICABA;MG;26;192;171;2;36;46;84
3129657;IBIRACATU;MG;37;96;127;2;14;27;43
3549953;SAO LOURENCO DA SERRA;SP;85;203;268;0;99;99;198
3303955;PINHEIRAL;RJ;163;351;360;0;8;31;39
3155603;RIO PARDO DE MINAS;MG;99;315;399;0;152;159;311
3132503;ITAMARANDIBA;MG;202;415;592;10;84;123;217
3135050;JAIBA;MG;282;646;744;4;107;169;280
3136009;JOAIMA;MG;85;171;293;2;36;144;182
3120151;CRISOLITA;MG;27;90;76;0;20;31;51
3101631;ALFREDO VASCONCELOS;MG;0;67;100;0;59;94;153
3115508;CAXAMBU;MG;186;229;275;0;45;73;118
3143609;MORRO DA GARCA;MG;10;38;52;10;28;23;61
3134608;JABOTICATUBAS;MG;17;198;230;0;113;123;236
3153905;RAPOSOS;MG;57;219;188;12;82;105;199
3100104;ABADIA DO DOURADOS;MG;10;74;72;10;60;56;126
3132909;ITAMOGI;MG;40;183;174;38;90;32;160
3154804;RIO ACIMA;MG;40;180;140;0;4;33;37
3103405;ARACUAI;MG;85;492;621;0;79;119;198
3122470;DOM BOSCO;MG;13;52;67;0;9;12;21
3158300;SANTANA DA VARGEM;MG;33;92;104;1;19;26;46
3114006;CARMO DA MATA;MG;50;115;105;2;54;44;100
3106408;BELO VALE;MG;4;72;119;1;39;76;116
3149606;PEQUI;MG;15;46;58;0;13;16;29
3121902;DIVINESIA;MG;29;58;104;12;33;66;111
3171402;VIEIRAS;MG;1;46;44;0;17;20;37
3107604;BOM JESUS DA PENHA;MG;53;83;112;0;20;21;41
3159357;SANTA RITA DE MINAS;MG;17;100;88;0;18;28;46
3129301;IAPU;MG;38;142;170;0;22;37;59
3145604;OLIVEIRA;MG;153;456;577;0;68;96;164
3147709;PASSA TEMPO;MG;6;83;87;0;12;23;35
3140100;MARILAC;MG;73;68;59;14;4;8;26
3146552;PAI PEDRO;MG;54;90;115;10;53;57;120
3159605;SANTA RITA DO SAPUCAI;MG;257;468;683;1;98;191;290
3140159;MARIO CAMPOS;MG;20;218;550;0;155;502;657
3134509;ITUTINGA;MG;24;48;57;16;33;35;84
3136108;JOANESIA;MG;0;41;59;0;18;28;46
3114907;CASA GRANDE;MG;0;18;28;0;7;11;18
3102308;ALVINOPOLIS;MG;50;164;210;0;33;28;61
3143153;MONTE FORMOSO;MG;0;63;77;0;13;33;46
3155900;RIO PRETO;MG;0;52;50;0;30;30;60
3161205;SAO FRANCISCO DE PAULA;MG;39;57;66;2;8;14;24
3139805;MAR DE ESPANHA;MG;21;128;157;11;40;22;73
3141504;MENDES PIMENTEL;MG;3;73;73;0;27;25;52
3165503;SARDOA;MG;2;78;88;2;72;51;125
3124302;ESPINOSA;MG;152;366;587;2;37;92;131
3109501;CABO VERDE;MG;58;193;177;1;56;56;113
3133006;ITAMONTE;MG;38;157;189;1;90;110;201
3122900;DONA EUSEBIA;MG;4;57;83;2;37;56;95
3114709;CARVALHOPOLIS;MG;21;88;71;2;21;14;37
3160801;SAO BENTO ABADE;MG;33;75;158;33;65;29;127
3118809;CORACAO DE JESUS;MG;79;361;495;5;30;107;142
3114204;CARMO DO CAJURU;MG;140;284;308;0;167;104;271
3112802;CAPITOLIO;MG;40;147;186;5;80;47;132
3141009;MATO VERDE;MG;25;135;154;0;30;23;53
3304151;QUISSAMA;RJ;133;326;391;14;71;77;162
3305158;SAO JOSE DO VALE DO RIO PRETO;RJ;16;219;271;14;161;185;360
3300951;COMENDADOR LEVY GASPARIAN;RJ;39;125;131;0;26;35;61
3302908;MIGUEL PEREIRA;RJ;137;306;348;0;144;186;330
3116902;COMENDADOR GOMES;MG;15;56;49;2;16;13;31
3100302;ABRE CAMPO;MG;17;121;192;4;32;75;111
3113008;CARAI;MG;52;296;433;4;107;173;284
3112000;CANDEIAS;MG;31;148;161;1;76;87;164
3135803;JEQUITINHONHA;MG;121;260;479;1;43;98;142
3301801;ENGENHEIRO PAULO DE FRONTIN;RJ;40;134;135;28;84;93;205
3105707;BARRA LONGA;MG;1;68;66;0;6;14;20
3122355;DIVISA ALEGRE;MG;22;96;120;0;1;2;3
3102001;ALTEROSA;MG;57;173;384;16;149;153;318
3137700;LAJINHA;MG;24;291;308;23;258;132;413
3152907;PRATAPOLIS;MG;26;89;112;1;24;19;44
3134004;ITINGA;MG;2;195;267;0;52;81;133
3109303;BURITIS;MG;78;371;579;7;96;184;287
3304128;QUATIS;RJ;72;185;273;0;16;29;45
3302056;ITALVA;RJ;40;149;158;33;97;86;216
3142007;MIRABELA;MG;62;155;199;2;15;21;38
3122454;DIVISOPOLIS;MG;31;113;107;0;8;25;33
3145059;NOVA PORTEIRINHA;MG;40;86;84;0;17;27;44
3105400;BARAO DE COCAIS;MG;63;424;464;6;94;117;217
3107307;BOCAIUVA;MG;339;679;768;4;60;82;146
3132602;ITAMARATI DE MINAS;MG;20;56;52;1;8;9;18
3145208;NOVA SERRANA;MG;433;1361;1484;4;194;271;469
3135605;JEQUITAI;MG;24;90;102;0;21;16;37
3112109;CAPARAO;MG;15;71;72;8;46;44;98
3154150;REDUTO;MG;41;93;138;5;37;56;98
3148756;PEDRA BONITA;MG;23;104;122;0;59;60;119
3100609;AGUA BOA;MG;45;229;273;0;71;97;168
3126307;FORTALEZA DE MINAS;MG;0;37;35;0;7;8;15
3168507;TEIXEIRAS;MG;77;125;150;27;65;54;146
3133709;ITATIAIUCU;MG;13;142;157;0;86;108;194
3135357;JAPONVAR;MG;38;111;135;10;59;73;142
3113107;CARANAIBA;MG;0;35;42;0;14;17;31
3112703;CAPITAO ENEAS;MG;9;243;252;1;27;39;67
3155405;RIO NOVO;MG;22;73;89;0;8;11;19
3146404;PAINEIRAS;MG;15;63;31;0;6;8;14
3143401;MONTE SIAO;MG;171;271;296;52;83;151;286
3519303;IBATE;SP;241;478;450;0;5;15;20
3301108;CANTAGALO;RJ;21;209;301;0;101;153;254
3109204;BUENOPOLIS;MG;29;130;129;12;98;41;151
3165107;SAO TOMAS DE AQUINO;MG;27;121;198;0;23;38;61
3165578;SENADOR AMARAL;MG;22;122;103;6;58;49;113
3167509;SIMAO PEREIRA;MG;8;28;21;6;13;11;30
3106002;BELA VISTA DE MINAS;MG;69;124;164;54;96;74;224
3171501;MATHIAS LOBATO;MG;38;54;57;15;22;7;44
3109105;BUENO BRANDAO;MG;0;105;157;0;99;107;206
3127602;GOUVEIA;MG;60;138;153;0;84;81;165
3121001;DATAS;MG;44;84;65;0;21;7;28
3118502;CONSOLACAO;MG;9;29;17;5;22;13;40
3107406;BOM DESPACHO;MG;364;830;660;0;32;41;73
3144300;NANUQUE;MG;117;446;575;0;32;28;60
3106655;BERIZAL;MG;7;90;76;0;20;13;33
3302106;ITAOCARA;RJ;65;232;228;1;104;115;220
3162948;SAO JOSE DA BARRA;MG;0;96;101;0;41;39;80
3133303;ITAOBIM;MG;136;250;307;8;39;49;96
3138708;LUMINARIAS;MG;23;59;60;0;10;12;22
3115805;CENTRALINA;MG;53;114;126;0;3;5;8
3128253;GUARACIAMA;MG;23;57;76;3;23;34;60
3166501;SERRA AZUL DE MINAS;MG;4;67;71;0;10;8;18
3169059;TOCOS DO MOGI;MG;0;33;43;0;26;32;58
3115003;CASCALHO RICO;MG;12;29;27;5;12;12;29
3136579;JOSENOPOLIS;MG;29;40;70;1;5;17;23
3143708;MORRO DO PILAR;MG;0;38;32;0;7;6;13
3130606;INCONFIDENTES;MG;16;57;68;3;37;34;74
3107802;BOM JESUS DO GALHO;MG;0;188;203;0;109;79;188
3110707;CAMBUQUIRA;MG;80;154;184;7;21;36;64
3166303;SERICITA;MG;26;98;95;2;20;11;33
3117306;CONCEICAO DAS ALAGOAS;MG;161;374;405;19;83;141;243
3119203;COROACI;MG;41;142;123;4;72;66;142
3142106;MIRADOURO;MG;0;117;111;0;33;31;64
3163102;SAO JOSE DA VARGINHA;MG;26;60;44;7;22;27;56
3166956;SERRANOPOLIS DE MINAS;MG;23;66;69;0;33;37;70
3137007;LADAINHA;MG;38;186;243;25;115;114;254
3112208;CAPELA NOVA;MG;0;46;41;0;17;17;34
3154002;RAUL SOARES;MG;49;252;309;0;140;155;295
3129707;IBIRACI;MG;26;164;179;0;33;41;74
3122504;DOM CAVATI;MG;0;72;65;0;18;13;31
3129608;IBIAI;MG;57;150;134;0;16;17;33
3106606;BERTOPOLIS;MG;0;72;111;0;10;10;20
3130002;IBITURUNA;MG;38;23;33;5;23;24;52
3104809;AUGUSTO DE LIMA;MG;3;56;79;2;48;68;118
3150307;PIEDADE DO RIO GRANDE;MG;0;50;57;0;48;12;60
3121100;DELFIM MOREIRA;MG;0;92;77;0;64;55;119
3154200;RESENDE COSTA;MG;2;131;165;0;126;122;248
3146008;OURO FINO;MG;138;342;481;42;212;242;496
3124807;ESTRELA DO SUL;MG;40;85;89;7;36;45;88
3137908;LAMIM;MG;0;67;49;0;41;27;68
3127305;GALILEIA;MG;33;83;82;0;10;14;24
3131109;INIMUTABA;MG;27;89;120;18;76;60;154
3170750;VARJAO DE MINAS;MG;29;102;108;0;20;26;46
3158201;SANTA MARIA DO SUACUI;MG;52;164;212;5;161;140;306
3534401;OSASCO;SP;5114;9223;10311;0;185;363;548
3505708;BARUERI;SP;2608;5076;5232;0;898;648;1546
3529302;MATAO;SP;517;959;997;0;10;28;38
3502200;ANGATUBA;SP;156;304;341;10;118;133;261
3554003;TATUI;SP;661;1641;1843;0;32;354;386
3551108;SARAPUI;SP;67;162;104;15;70;31;116
3550209;SAO MIGUEL ARCANJO;SP;93;460;470;0;140;151;291
3524303;JABOTICABAL;SP;487;839;1093;0;13;105;118
3506359;BERTIOGA;SP;565;1020;1059;0;255;234;489
3518503;GUAREI;SP;92;145;149;14;74;88;176
3509452;CAMPINA DO MONTE ALEGRE;SP;30;76;82;1;13;20;34
3145455;OLHOS-D AGUA;MG;32;77;82;0;22;19;41
3165404;SAPUCAI-MIRIM;MG;0;91;95;0;62;53;115
3125101;EXTREMA;MG;346;583;556;1;106;209;316
3101003;AGUAS VERMELHAS;MG;19;164;212;4;75;80;159
3105202;BANDEIRA;MG;5;43;65;0;11;18;29
3106101;BELMIRO BRAGA;MG;0;50;41;0;42;35;77
3118205;CONQUISTA;MG;21;99;77;13;19;8;40
3118106;CONGONHAS DO NORTE;MG;0;63;51;0;14;8;22
3168804;TIRADENTES;MG;37;85;73;0;16;19;35
3150703;PIRAJUBA;MG;22;81;94;3;23;9;35
3101805;ALPERCATA;MG;44;110;91;0;10;11;21
3140506;MARTINHO CAMPOS;MG;110;143;162;0;31;30;61
3116506;CLARO DO POCOES;MG;31;90;130;1;11;25;37
3131158;IPABA;MG;24;264;260;1;54;15;70
3159308;SANTA RITA DE JACUTINGA;MG;8;54;59;0;13;11;24
3137106;LAGAMAR;MG;43;74;81;2;21;40;63
3150158;PIEDADE DE CARATINGA;MG;38;131;130;4;43;42;89
3166105;SENHORA DO PORTO;MG;8;50;43;6;37;31;74
3529401;MAUA;SP;2073;5223;5712;0;2;70;72
3509700;CAMPOS DO JORDAO;SP;409;734;886;0;24;72;96
3538006;PINDAMONHANGABA;SP;718;2161;2022;0;91;93;184
3547809;SANTO ANDRE;SP;4989;8349;9353;59;246;246;551
3544103;RIO GRANDE DA SERRA;SP;257;591;474;1;112;172;285
3543303;RIBEIRAO PIRES;SP;788;1390;1611;0;118;405;523
3556206;VALINHOS;SP;999;1423;1578;0;83;146;229
3509502;CAMPINAS;SP;8235;13121;14529;109;901;889;1899
3522505;ITAPEVI;SP;880;3445;3959;0;135;197;332
3554805;TREMEMBE;SP;273;518;737;50;101;44;195
3145372;NOVORIZONTE;MG;32;60;60;0;2;14;16
3170305;UMBURATIBA;MG;0;37;40;0;7;6;13
3150802;PIRANGA;MG;2;198;240;0;165;129;294
3164803;SAO SEBASTIAO DO RIO PRETO;MG;0;11;23;0;11;22;33
3156601;RUBIM;MG;72;112;172;1;23;26;50
3144003;MUTUM;MG;28;329;377;1;179;148;328
3121209;DELFINOPOLIS;MG;35;114;128;0;28;32;60
3115201;CONCEICAO DA BARRA DE MINAS;MG;0;49;34;0;16;9;25
3119500;CORONEL MURTA;MG;84;121;147;0;78;72;150
3159506;SANTA RITA DO ITUETO;MG;18;80;90;7;39;36;82
3535804;PARANAPANEMA;SP;120;288;225;0;161;129;290
3545209;SALTO;SP;712;1398;1606;0;12;224;236
3500758;ALAMBARI;SP;26;74;98;0;32;49;81
3548609;SAO BENTO DO SAPUCAI;SP;12;126;127;0;62;61;123
3506607;BIRITIBA-MIRIM;SP;153;421;412;0;124;77;201
3161106;SAO FRANCISCO;MG;31;837;1048;0;182;216;398
3548203;SANTO ANTONIO DO PINHAL;SP;24;115;105;3;69;57;129
3137304;LAGOA DO PATOS;MG;27;51;79;0;6;9;15
3158003;SANTA MARIA DE ITABIRA;MG;28;132;221;24;115;68;207
3516200;FRANCA;SP;2046;4715;4729;0;166;99;265
3138104;LASSANCE;MG;0;95;116;0;3;7;10
3160959;SAO DOMINGOS DAS DORES;MG;44;93;112;0;45;53;98
3162559;SAO JOAO DO MANHUACU;MG;24;135;187;3;55;73;131
3110400;CAMACHO;MG;14;29;28;14;20;10;44
3103009;ANTONIO DIAS;MG;0;118;173;0;69;84;153
3124005;ERVALIA;MG;37;304;300;0;93;122;215
3166709;SERRA DO AIMORES;MG;6;103;144;0;7;10;17
3103702;ARAPONGA;MG;0;52;105;0;27;41;68
3108800;BRAUNAS;MG;0;47;55;0;24;29;53
3117876;CONFINS;MG;56;94;99;8;61;60;129
3156403;ROMARIA;MG;19;38;48;1;11;17;29
3171030;VERDELANDIA;MG;65;128;144;10;50;34;94
3128600;GUARDA-MOR;MG;28;114;96;0;37;41;78
3140704;MATEUS LEME;MG;75;463;487;0;168;182;350
3149952;PERIQUITO;MG;89;93;110;8;13;10;31
3153509;ALTO JEQUITIBA;MG;0;101;153;0;79;70;149
3152402;POTE;MG;31;200;237;6;53;81;140
3157302;SANTA BARBARA DO TUGURIO;MG;0;79;64;0;37;30;67
3149101;PEDRALVA;MG;4;124;141;3;114;74;191
3110608;CAMBUI;MG;177;321;334;12;68;86;166
3125903;FERROS;MG;42;134;150;19;75;89;183
3136553;JOSE RAYDAN;MG;10;49;69;0;42;62;104
3129103;GURINHATA;MG;17;51;59;5;38;25;68
3134806;JACUI;MG;23;101;92;0;52;63;115
3548807;SAO CAETANO DO SUL;SP;1203;1734;2017;0;0;0;0
3529906;MIRACATU;SP;80;285;310;0;86;112;198
3508504;CACAPAVA;SP;314;1225;1359;6;300;300;606
3546702;SANTA GERTRUDES;SP;196;350;320;70;8;7;85
3512407;CORDEIROPOLIS;SP;157;325;307;3;36;86;125
3526902;LIMEIRA;SP;2038;3588;4461;0;159;235;394
3158904;SANTANA DO MANHUACU;MG;19;102;100;0;44;33;77
3160454;SANTO ANTONIO DO RETIRO;MG;1;122;116;1;95;69;165
3524402;JACAREI;SP;1324;3062;3286;12;168;263;443
3546801;SANTA ISABEL;SP;291;785;894;3;185;202;390
3552502;SUZANO;SP;1497;4382;4755;5;744;565;1314
3546009;SANTA BRANCA;SP;61;211;180;2;113;48;163
3515152;ENGENHEIRO COELHO;SP;119;274;304;1;18;19;38
3515707;FERRAZ DE VASCONCELOS;SP;1315;2170;2681;0;151;139;290
3162252;SAO JOAO DA LAGOA;MG;0;63;79;0;20;22;42
3128402;GUARANI;MG;62;106;111;1;26;33;60
3516309;FRANCISCO MORATO;SP;863;2723;2887;0;367;475;842
3516408;FRANCO DA ROCHA;SP;1323;2096;2168;0;86;315;401
3125952;FERVEDOURO;MG;2;156;201;2;129;131;262
3156502;RUBELITA;MG;43;85;126;28;42;59;129
3170008;UBAI;MG;69;176;222;3;28;28;59
3102100;ALTO RIO DOCE;MG;1;133;134;0;41;58;99
3163508;SAO JOSE DO JACURI;MG;0;70;80;0;47;41;88
3139201;MALACACHETA;MG;66;207;305;1;53;84;138
3116001;CHALE;MG;22;89;101;3;36;34;73
3109808;CACHOEIRA DOURADA;MG;27;28;44;2;2;4;8
3157658;SANTA HELENA DE MINAS;MG;0;88;106;0;33;25;58
3141207;MATUTINA;MG;16;49;37;11;25;8;44
3116209;CHIADOR;MG;0;26;58;0;4;10;14
3154457;RIACHINHO;MG;19;94;129;0;21;22;43
3162708;SAO JOAO DO PARAISO;MG;48;256;271;0;73;66;139
3147402;PARAOPEBA;MG;71;316;310;0;38;39;77
3166402;SERITINGA;MG;0;19;34;0;2;0;2
3154507;RIACHO DO MACHADOS;MG;19;142;151;0;50;47;97
3543907;RIO CLARO;SP;1194;2656;2701;13;89;474;576
3518305;GUARAREMA;SP;190;416;451;68;183;117;368
3503802;ARTUR NOGUEIRA;SP;335;695;692;0;73;67;140
3521101;IPEUNA;SP;88;108;136;0;76;71;147
3520202;IGARATA;SP;42;184;138;4;97;100;201
3521408;IRACEMAPOLIS;SP;192;258;261;0;5;9;14
3108503;BOTUMIRIM;MG;17;93;126;0;30;22;52
3157500;SANTA EFIGENIA DE MINAS;MG;0;64;55;0;5;4;9
3506003;BAURU;SP;2975;4374;4580;0;34;305;339
3539301;PIRASSUNUNGA;SP;419;854;993;0;161;88;249
3131208;IPANEMA;MG;32;230;288;1;20;33;54
3129905;IBITIURA DE MINAS;MG;19;54;54;9;31;28;68
3107208;BOCAINA DE MINAS;MG;0;35;49;0;15;11;26
3161502;SAO GERALDO;MG;34;100;164;0;16;26;42
3107901;BOM REPOUSO;MG;31;143;180;12;114;145;271
3123403;DORESOPOLIS;MG;2;13;22;0;3;2;5
3116803;COLUNA;MG;3;105;140;0;40;71;111
3135407;JECEABA;MG;37;61;77;0;57;62;119
3167400;SILVIANOPOLIS;MG;29;62;79;0;21;26;47
3100401;ACAIACA;MG;16;61;66;11;51;29;91
3119005;CORDISLANDIA;MG;6;43;41;0;6;9;15
3160207;SANTO ANTONIO DO ITAMBE;MG;7;29;59;7;29;59;95
3138906;MACHACALIS;MG;20;103;95;0;17;18;35
3148301;PAULA CANDIDO;MG;2;111;123;1;45;52;98
3119906;CORREGO DO BOM JESUS;MG;10;34;42;4;16;27;47
3133600;ITAPEVA;MG;51;137;130;7;45;55;107
3116100;CHAPADA DO NORTE;MG;68;158;202;0;99;106;205
3132008;ITACAMBIRA;MG;30;38;53;8;24;38;70
3125200;FAMA;MG;0;29;29;0;21;16;37
3120607;CRUCILANDIA;MG;14;61;86;9;53;73;135
3100500;ACUCENA;MG;6;40;111;0;10;47;57
3507506;BOTUCATU;SP;1203;1704;2059;9;94;273;376
3525300;JAU;SP;670;1538;1676;31;185;182;398
3538808;PIRAJU;SP;277;374;360;1;52;66;119
3527108;LINS;SP;543;952;907;0;117;112;229
3539806;POA;SP;739;1769;1777;4;22;16;42
3305901;TRAJANO DE MORAIS;RJ;47;127;123;47;88;80;215
3141702;MESQUITA;MG;24;66;61;0;16;20;36
3119955;CORREGO FUNDO;MG;25;79;83;0;59;60;119
3123528;DURANDE;MG;7;98;107;0;40;46;86
3515004;EMBU;SP;1805;3927;4136;2;531;564;1097
3552809;TABOAO DA SERRA;SP;1752;3890;4609;0;7;15;22
3550704;SAO SEBASTIAO;SP;705;1287;1229;0;413;446;859
3555406;UBATUBA;SP;735;1214;1965;0;70;140;210
3520400;ILHABELA;SP;354;484;517;0;107;170;277
3131000;INHAUMA;MG;26;83;87;0;22;23;45
3150570;PINTOPOLIS;MG;27;121;164;0;32;59;91
3104601;ASTOLFO DUTRA;MG;31;165;143;24;106;85;215
3509205;CAJAMAR;SP;677;1196;1192;86;337;335;758
3510500;CARAGUATATUBA;SP;1210;1769;2061;0;10;58;68
3528502;MAIRIPORA;SP;452;1167;1336;1;92;165;258
3501608;AMERICANA;SP;1781;2997;2892;29;245;274;548
3506102;BEBEDOURO;SP;553;960;996;32;92;104;228
3557006;VOTORANTIM;SP;892;1580;1553;4;29;30;63
3541406;PRESIDENTE PRUDENTE;SP;1706;2582;3435;1;37;94;132
3538709;PIRACICABA;SP;3909;4739;5485;0;34;308;342
3543402;RIBEIRAO PRETO;SP;4758;7730;8112;0;144;85;229
3140852;MATIAS CARDOSO;MG;62;171;154;3;30;29;62
3112505;CAPIM BRANCO;MG;2;125;142;0;61;73;134
3155207;RIO ESPERA;MG;4;49;59;0;21;14;35
3148202;PATROCINIO DO MURIAE;MG;6;59;52;0;9;11;20
3104700;ATALEIA;MG;26;160;153;1;30;39;70
3155306;RIO MANSO;MG;0;54;42;0;21;21;42
3152170;PONTO DO VOLANTES;MG;44;165;247;34;115;137;286
3128105;GUAPE;MG;48;165;203;0;48;56;104
3146750;PALMOPOLIS;MG;0;98;84;0;78;69;147
3114808;CARVALHOS;MG;0;31;44;0;13;17;30
3170602;VARGEM BONITA;MG;14;37;31;1;12;10;23
3509007;CAIEIRAS;SP;563;1400;1406;0;63;503;566
3170503;URUCANIA;MG;31;114;147;7;57;90;154
3112653;CAPITAO ANDRADE;MG;57;66;84;0;17;31;48
3125507;SAO GONCALO DO RIO PRETO;MG;14;38;48;0;28;30;58
3140530;MARTINS SOARES;MG;21;99;114;1;36;48;85
3115458;CATUJI;MG;2;141;173;1;94;87;182
3144672;NOVA BELEM;MG;24;50;65;0;11;19;30
3523107;ITAQUAQUECETUBA;SP;1449;5004;5493;0;1005;1319;2324
3157906;SANTA MARGARIDA;MG;56;219;275;6;40;92;138
3109907;CAETANOPOLIS;MG;21;138;139;0;98;46;144
3151602;PLANURA;MG;56;164;170;0;36;81;117
3138609;LIMA DUARTE;MG;76;208;201;0;60;73;133
3163409;SAO JOSE DO GOIABAL;MG;22;61;93;6;18;31;55
3172103;VOLTA GRANDE;MG;30;51;59;17;38;23;78
3153301;PRESIDENTE KUBITSCHEK;MG;20;54;100;3;9;21;33
3155009;RIO DOCE;MG;19;26;39;7;6;17;30
3120300;CRISTALIA;MG;2;93;97;0;24;32;56
3130556;IMBE DE MINAS;MG;0;85;94;0;25;29;54
3102704;CACHOEIRA DE PAJEU;MG;0;99;176;0;42;77;119
3111804;CANAPOLIS;MG;53;134;169;1;16;21;38
3142502;MONJOLOS;MG;4;24;50;0;10;25;35
3164605;SAO SEBASTIAO DO OESTE;MG;26;122;108;0;33;31;64
3114600;CARRANCAS;MG;2;35;48;2;28;18;48
3165305;SAO VICENTE DE MINAS;MG;32;80;112;0;15;22;37
3140605;MATERLANDIA;MG;10;69;70;0;48;50;98
3122801;DOM VICOSO;MG;0;37;40;0;15;16;31
3102407;ALVORADA DE MINAS;MG;1;73;95;0;34;50;84
3158409;SANTANA DE CATAGUASES;MG;31;47;58;1;5;7;13
3160603;SANTO HIPOLITO;MG;13;41;38;1;12;11;24
3551009;SAO VICENTE;SP;1744;4329;5361;2;19;12;33
3123106;DORES DE GUANHAES;MG;13;53;86;4;35;64;103
3146602;PAIVA;MG;0;8;15;0;8;7;15
3169109;TOLEDO;MG;47;70;83;0;34;52;86
3150000;PESCADOR;MG;0;53;64;0;43;25;68
3158706;SANTANA DO GARAMBEU;MG;0;26;17;0;26;8;34
3110103;CAIANA;MG;6;55;77;0;35;47;82
3157401;SANTA CRUZ DO ESCALVADO;MG;5;46;84;1;32;40;73
3164472;SAO SEBASTIAO DO ANTA;MG;34;107;89;8;30;26;64
3101409;ALBERTINA;MG;7;43;39;0;15;15;30
3155108;RIO DO PRADO;MG;2;80;81;0;24;33;57
3112059;CANTAGALO;MG;0;60;66;0;52;43;95
3530706;MOGI-GUACU;SP;673;1980;2459;15;143;214;372
3522604;ITAPIRA;SP;480;793;857;3;64;85;152
3530805;MOGI-MIRIM;SP;607;1231;1418;0;127;122;249
3512209;CONCHAL;SP;174;422;551;0;13;41;54
3127503;GONZAGA;MG;0;91;85;0;32;35;67
3148707;PEDRA AZUL;MG;203;361;352;1;35;35;71
3143450;MONTEZUMA;MG;30;94;116;1;48;72;121
3116407;CLARAVAL;MG;22;71;59;17;50;44;111
3126901;FREI INOCENCIO;MG;42;94;139;0;12;17;29
3157104;SALTO DA DIVISA;MG;47;97;144;0;11;10;21
3135704;JEQUITIBA;MG;0;75;84;0;43;53;96
3132206;ITAGUARA;MG;33;168;192;28;153;148;329
3142403;MOEMA;MG;31;116;97;2;26;36;64
3131406;IPIACU;MG;34;48;61;0;4;5;9
3150539;PINGO D AGUA;MG;49;58;81;4;7;9;20
3166204;SENHORA DO REMEDIOS;MG;0;87;120;0;44;40;84
3139102;MADRE DE DEUS DE MINAS;MG;0;61;83;0;57;69;126
3135456;JENIPAPO DE MINAS;MG;30;93;106;1;26;40;67
3501905;AMPARO;SP;486;801;839;0;55;164;219
3537107;PEDREIRA;SP;333;526;630;0;6;63;69
3500501;AGUAS DE LINDOIA;SP;122;263;255;0;7;32;39
3519055;HOLAMBRA;SP;151;315;340;1;56;84;141
3122207;DIVINOLANDIA DE MINAS;MG;22;117;113;2;55;54;111
3148400;PAULISTAS;MG;15;79;78;0;43;55;98
3166006;SENHORA DE OLIVEIRA;MG;35;64;97;19;60;93;172
3109253;BUGRE;MG;0;41;54;0;14;19;33
3145356;NOVO ORIENTE DE MINAS;MG;29;148;164;1;56;57;114
3115474;CATUTI;MG;25;76;68;0;23;18;41
3545001;SALESOPOLIS;SP;60;221;248;0;108;128;236
3159407;SANTA RITA DE IBITIPOCA;MG;0;38;43;0;9;6;15
3104908;BAEPENDI;MG;52;256;292;1;110;108;219
3121308;DESCOBERTO;MG;27;50;43;0;5;3;8
3152709;PRADOS;MG;3;121;125;0;31;43;74
3142205;MIRAI;MG;23;134;193;1;35;45;81
3148608;PECANHA;MG;5;210;257;2;140;81;223
3125002;EWBANK DA CAMARA;MG;7;62;54;2;20;2;24
3150208;PIEDADE DE PONTE NOVA;MG;17;55;63;2;11;9;22
3142700;MONTALVANIA;MG;51;174;258;0;40;53;93
3171709;VIRGINIA;MG;17;116;114;1;71;34;106
3138351;LEME DO PRADO;MG;31;66;111;17;38;48;103
3145505;OLIMPIO NORONHA;MG;0;30;26;0;10;16;26
3134301;ITUMIRIM;MG;0;82;101;0;20;9;29
3103306;ARACITABA;MG;0;13;22;0;0;4;4
3144409;NATERCIA;MG;29;39;90;28;30;48;106
3167806;SOLEDADE DE MINAS;MG;19;86;87;4;40;46;90
3139706;MARAVILHAS;MG;35;96;143;1;48;39;88
3138005;LARANJAL;MG;25;61;76;0;15;17;32
3165800;SENADOR JOSE BENTO;MG;0;15;11;0;6;8;14
3149408;PEDRO TEIXEIRA;MG;0;26;21;0;14;13;27
3146909;PAPAGAIOS;MG;61;195;214;0;25;66;91
3511102;CATANDUVA;SP;798;1364;1719;0;13;128;141
3147600;PASSA QUATRO;MG;21;156;278;2;79;56;137
3166600;SERRA DA SAUDADE;MG;7;12;17;1;3;5;9
3124500;ESTIVA;MG;48;129;135;7;47;58;112
3132800;ITAMBE DO MATO DENTRO;MG;0;30;30;0;30;10;40
3130804;INGAI;MG;0;33;31;0;13;7;20
3121506;DESTERRO DO MELO;MG;0;38;34;0;34;23;57
3123809;ENGENHEIRO NAVARRO;MG;11;87;110;0;23;20;43
3162450;SAO JOAO DAS MISSOES;MG;32;284;457;1;35;70;106
3135902;JESUANIA;MG;0;47;61;0;31;47;78
3108552;BRASILANDIA DE MINAS;MG;57;230;330;0;94;63;157
3113503;CARBONITA;MG;78;104;122;4;36;44;84
3102209;ALVARENGA;MG;27;61;78;0;22;26;48
3105004;BALDIM;MG;31;94;118;2;16;22;40
3165602;SENADOR CORTES;MG;16;47;53;2;31;29;62
3120706;CRUZEIRO DA FORTALEZA;MG;27;66;67;1;11;18;30
3124708;ESTRELA DO INDAIA;MG;13;28;46;0;4;2;6
3129004;GUIRICEMA;MG;0;81;85;0;57;58;115
3153608;PRUDENTE DE MORAIS;MG;53;160;152;21;10;4;35
3157252;SANTA BARBARA DO LESTE;MG;36;114;104;10;51;48;109
3130655;INDAIABIRA;MG;54;120;98;0;48;47;95
3169208;TOMBOS;MG;53;120;108;4;74;16;94
3108255;BONITO DE MINAS;MG;31;97;175;0;25;69;94
3509106;CAIUA;SP;10;65;62;0;27;31;58
3163607;SAO JOSE DO MANTIMENTO;MG;17;61;46;3;38;28;69
3533809;OLEO;SP;18;40;31;0;4;7;11
3515400;FARTURA;SP;111;260;276;0;30;94;124
3553005;TAGUAI;SP;123;175;177;0;16;8;24
3521804;ITAI;SP;81;359;346;0;46;67;113
3502705;APIAI;SP;129;382;422;46;203;163;412
3505351;BARRA DO CHAPEU;SP;17;82;89;0;10;43;53
3522158;ITAOCA;SP;19;48;35;8;14;12;34
3522653;ITAPIRAPUA PAULISTA;SP;0;44;56;0;7;18;25
3521200;IPORANGA;SP;23;64;66;0;10;17;27
3554201;TEJUPA;SP;41;110;89;0;28;16;44
3543006;RIBEIRAO BRANCO;SP;69;260;320;12;88;97;197
3528601;MANDURI;SP;51;113;114;1;13;7;21
3551207;SARUTAIA;SP;30;51;45;0;4;5;9
3542800;RIBEIRA;SP;17;57;58;14;23;27;64
3171071;VEREDINHA;MG;47;40;90;0;38;63;101
3145851;ORATORIOS;MG;25;74;62;1;18;17;36
3108701;BRAS PIRES;MG;24;45;45;7;29;27;63
3121258;DELTA;MG;34;129;169;0;7;6;13
3152303;PORTO FIRME;MG;0;70;126;0;3;48;51
3141603;MERCES;MG;70;133;201;44;114;158;316
3170479;URUANA DE MINAS;MG;14;45;67;0;13;23;36
3118908;CORDISBURGO;MG;0;75;113;0;8;20;28
3157377;SANTA CRUZ DE SALINAS;MG;15;47;54;1;19;15;35
3150604;PIRACEMA;MG;13;92;84;13;92;37;142
3122405;DIVISA NOVA;MG;21;110;75;0;8;36;44
3147501;PASSABEM;MG;1;15;21;0;11;12;23
3160900;SAO BRAS DO SUACUI;MG;23;51;48;16;30;32;78
3554607;TIMBURI;SP;20;43;32;7;6;13;26
3537602;PERUIBE;SP;293;1189;1132;0;100;124;224
3531100;MONGAGUA;SP;365;950;947;0;29;150;179
3522109;ITANHAEM;SP;894;1565;1873;4;45;87;136
3120805;CRUZILIA;MG;72;171;202;1;10;9;20
3141900;MINDURI;MG;1;47;42;1;40;30;71
3167103;SERRO;MG;75;292;296;0;49;84;133
3156205;ROCHEDO DE MINAS;MG;15;41;34;6;22;18;46
3127370;GOIABEIRA;MG;24;42;47;0;6;6;12
3156304;RODEIRO;MG;5;121;141;3;49;71;123
3101300;ALAGOA;MG;0;23;31;0;13;24;37
3152131;PONTO CHIQUE;MG;37;58;54;1;13;13;27
3136801;JURAMENTO;MG;19;55;76;1;13;6;20
3136603;NOVA UNIAO;MG;0;76;96;0;28;28;56
3138658;LONTRA;MG;51;128;164;4;92;130;226
3104452;ARICANDUVA;MG;12;74;87;0;28;32;60
3158508;SANTANA DE PIRAPAMA;MG;0;70;87;0;38;36;74
3170529;URUCUIA;MG;24;90;167;0;10;58;68
3160108;SANTO ANTONIO DO GRAMA;MG;25;41;51;0;5;6;11
3152600;POUSO ALTO;MG;13;80;94;7;60;67;134
3146206;OURO VERDE DE MINAS;MG;7;69;112;0;10;32;42
3154705;RIBEIRAO VERMELHO;MG;38;38;38;0;2;3;5
3140209;MARIPA DE MINAS;MG;16;55;132;7;46;91;144
3146701;PALMA;MG;23;77;55;8;29;20;57
3135001;JAGUARACU;MG;11;39;37;2;3;4;9
3125408;FELICIO DO SANTOS;MG;45;64;75;11;25;36;72
3143807;MUNHOZ;MG;4;80;90;0;28;37;65
3111150;CAMPO AZUL;MG;17;52;70;9;28;39;76
3154408;RESSAQUINHA;MG;23;52;65;12;31;27;70
3124401;ESPIRITO SANTO DO DOURADO;MG;27;76;63;0;73;45;118
3126406;FORTUNA DE MINAS;MG;27;61;56;2;9;18;29
3148509;PAVAO;MG;16;101;190;0;22;57;79
3127339;GAMELEIRAS;MG;34;79;73;3;13;19;35
3165206;SAO THOME DAS LETRAS;MG;53;66;93;2;11;27;40
3543709;RINCAO;SP;77;157;158;10;13;21;44
3503208;ARARAQUARA;SP;2089;2724;3175;59;97;560;716
3546900;SANTA LUCIA;SP;31;121;123;24;116;38;178
3522406;ITAPEVA;SP;801;1356;1735;2;173;258;433
3543253;RIBEIRAO GRANDE;SP;21;119;112;5;73;72;150
3510203;CAPAO BONITO;SP;268;654;653;10;89;92;191
3516853;GAVIAO PEIXOTO;SP;55;55;67;0;0;0;0
3508009;BURI;SP;114;324;338;0;56;62;118
3553856;TAQUARIVAI;SP;21;89;100;0;20;19;39
3532900;NOVA EUROPA;SP;63;113;150;4;21;3;28
3532827;NOVA CAMPINA;SP;52;132;111;8;50;42;100
3554755;TRABIJU;SP;16;24;28;0;0;0;0
3133907;ITAVERAVA;MG;2;55;67;1;32;31;64
3147808;PASSA VINTE;MG;4;20;24;0;5;8;13
3150901;PIRANGUCU;MG;7;61;90;2;43;71;116
3107000;BIQUINHAS;MG;13;42;25;0;5;10;15
3164100;SAO PEDRO DO SUACUI;MG;14;58;78;12;30;50;92
3169000;TOCANTINS;MG;75;179;210;1;31;37;69
3136504;JORDANIA;MG;57;116;144;4;21;31;56
3167301;SILVEIRANIA;MG;0;24;32;0;4;14;18
3172202;WENCESLAU BRAZ;MG;3;20;48;1;14;45;60
3127057;FRONTEIRA DO VALES;MG;0;46;68;0;3;14;17
3123858;ENTRE FOLHAS;MG;24;53;81;1;13;26;40
3501707;AMERICO BRASILIENSE;SP;352;497;472;0;0;1;1
3521705;ITABERA;SP;129;228;204;11;45;53;109
3153707;QUARTEL GERAL;MG;28;60;74;0;2;7;9
3128808;GUIDOVAL;MG;8;73;93;3;47;55;105
3150406;PIEDADE DO GERAIS;MG;0;50;60;0;26;43;69
3104106;ARCEBURGO;MG;63;114;129;30;86;105;221
3157278;SANTA BARBARA DO MONTE VERDE;MG;27;39;44;0;13;21;34
3170438;UNIAO DE MINAS;MG;16;55;50;0;23;16;39
3163904;SAO PEDRO DA UNIAO;MG;19;68;64;0;18;29;47
3130051;ICARAI DE MINAS;MG;37;143;175;5;48;52;105
3120003;CORREGO NOVO;MG;21;41;48;0;11;12;23
3138674;LUISBURGO;MG;34;79;90;5;52;76;133
3140902;MATIPO;MG;6;226;338;0;37;45;82
3138302;LEANDRO FERREIRA;MG;5;41;44;0;11;13;24
3553807;TAQUARITUBA;SP;205;367;372;0;48;54;102
3500550;AGUAS DE SANTA BARBARA;SP;80;134;74;0;10;7;17
3519253;IARAS;SP;30;94;94;0;42;47;89
3523909;ITU;SP;992;2189;2286;0;60;90;150
3511508;CERQUILHO;SP;412;527;599;0;9;26;35
3540606;PORTO FELIZ;SP;755;785;809;0;96;108;204
3554508;TIETE;SP;385;477;506;0;42;83;125
3511409;CERQUEIRA CESAR;SP;133;265;305;40;54;15;109
3521002;IPERO;SP;286;488;431;0;53;54;107
3508405;CABREUVA;SP;240;765;786;0;88;72;160
3503109;ARANDU;SP;28;105;87;0;26;21;47
3546306;SANTA CRUZ DAS PALMEIRAS;SP;89;466;460;59;9;57;125
3548005;SANTO ANTONIO DE POSSE;SP;123;311;343;10;93;89;192
3550100;SAO MANUEL;SP;229;485;512;0;9;22;31
3158607;SANTANA DO DESERTO;MG;21;55;41;1;11;7;19
3165701;SENADOR FIRMINO;MG;0;108;329;0;84;261;345
3126604;FRANCISCO DUMONT;MG;21;65;127;0;9;18;27
3115409;CATAS ALTAS DA NORUEGA;MG;10;55;45;9;29;33;71
3113602;CAREACU;MG;21;91;113;2;43;18;63
3502507;APARECIDA;SP;259;466;539;0;0;25;25
3527207;LORENA;SP;434;1061;1214;0;46;42;88
3526001;JUNQUEIROPOLIS;SP;170;244;222;0;50;57;107
3513603;CUNHA;SP;55;226;263;0;36;38;74
3513405;CRUZEIRO;SP;319;1016;1105;1;33;35;69
3519709;IBIUNA;SP;303;1117;1137;0;518;544;1062
3500105;ADAMANTINA;SP;237;400;347;0;95;63;158
3549706;SAO JOSE DO RIO PARDO;SP;311;647;614;13;144;161;318
3534609;OSVALDO CRUZ;SP;255;420;341;0;6;14;20
3535408;PANORAMA;SP;86;196;300;0;2;11;13
3527405;LUCELIA;SP;122;205;196;33;69;53;155
3544301;ROSEIRA;SP;106;148;138;11;14;27;52
3514403;DRACENA;SP;350;517;791;0;13;13;26
3525854;JUMIRIM;SP;23;45;39;0;13;14;27
3519071;HORTOLANDIA;SP;1898;3191;3758;0;0;0;0
3528403;MAIRINQUE;SP;280;743;859;65;194;253;512
3508603;CACHOEIRA PAULISTA;SP;162;416;522;0;21;34;55
3556453;VARGEM GRANDE PAULISTA;SP;376;780;753;0;90;106;196
3502754;ARACARIGUAMA;SP;116;352;383;21;126;133;280
3500402;AGUAS DA PRATA;SP;25;89;75;0;24;23;47
3158102;SANTA MARIA DO SALTO;MG;36;67;70;32;30;27;89
3157609;SANTA FE DE MINAS;MG;0;44;58;0;16;21;37
3170651;VARGEM GRANDE DO RIO PARDO;MG;23;54;82;0;13;18;31
3513900;DIVINOLANDIA;SP;47;113;118;0;30;37;67
3537800;PIEDADE;SP;214;636;742;0;279;332;611
3550803;SAO SEBASTIAO DA GRAMA;SP;40;121;144;4;61;78;143
3540754;POTIM;SP;128;227;284;3;18;39;60
3526605;LAVRINHAS;SP;0;101;82;0;4;9;13
3515186;ESPIRITO SANTO DO PINHAL;SP;325;495;520;0;1;37;38
3538501;PIQUETE;SP;22;144;206;0;16;15;31
3127206;FUNILANDIA;MG;49;65;61;40;56;41;137
3530508;MOCOCA;SP;599;791;939;8;36;61;105
3510807;CASA BRANCA;SP;225;349;381;0;31;66;97
3553302;TAMBAU;SP;163;318;327;0;19;35;54
3541901;QUELUZ;SP;29;118;116;0;10;10;20
3503158;ARAPEI;SP;0;33;35;0;33;22;55
3504909;BANANAL;SP;8;122;117;3;55;59;117
3549607;SAO JOSE DO BARREIRO;SP;7;64;59;0;16;17;33
3503505;AREIAS;SP;11;63;51;0;0;0;0
3509957;CANAS;SP;24;62;71;0;1;10;11
3501152;ALUMINIO;SP;81;235;268;1;40;58;99
3556404;VARGEM GRANDE DO SUL;SP;174;512;500;0;41;43;84
3552007;SILVEIRAS;SP;20;82;103;1;16;22;39
3522802;ITAPORANGA;SP;82;230;206;0;53;74;127
3523206;ITARARE;SP;257;562;624;0;63;51;114
3533403;NOVA ODESSA;SP;413;702;796;0;55;82;137
3512605;CORONEL MACEDO;SP;29;49;72;0;11;17;28
3543501;RIVERSUL;SP;25;79;76;0;19;15;34
3506300;BERNARDINO DE CAMPOS;SP;66;156;131;0;71;13;84
3545803;SANTA BARBARA DOESTE;SP;1248;2292;2335;3;55;58;116
3507159;BOM SUCESSO DE ITARARE;SP;28;53;80;0;19;35;54
3505005;BARAO DE ANTONINA;SP;17;40;56;0;7;15;22
3161601;SAO GERALDO DA PIEDADE;MG;0;50;64;0;12;26;38
3126505;FRANCISCO BADARO;MG;4;80;117;1;54;34;89
3111309;CAMPO DO MEIO;MG;63;122;125;1;15;34;50
3105905;BARROSO;MG;120;265;401;2;18;25;45
3500303;AGUAI;SP;137;471;477;0;26;46;72
3556701;VINHEDO;SP;660;1007;1737;0;0;0;0
3508702;CACONDE;SP;82;205;231;0;0;31;31
3523800;ITOBI;SP;21;74;96;0;9;10;19
3548104;SANTO ANTONIO DO JARDIM;SP;26;63;75;4;7;29;40
3553609;TAPIRATIBA;SP;126;207;142;26;38;39;103
3127354;GLAUCILANDIA;MG;3;45;45;1;18;9;28
3162658;SAO JOAO DO PACUI;MG;31;74;108;2;31;35;68
3117009;COMERCINHO;MG;23;96;126;0;38;34;72
3158805;SANTANA DO JACARE;MG;21;46;44;1;1;4;6
3120102;COUTO DE MAGALHAES DE MINAS;MG;33;70;75;0;49;45;94
3163300;SAO JOSE DO DIVINO;MG;36;69;81;2;11;20;33
3119807;CORREGO DANTA;MG;13;25;31;2;6;8;16
3108305;BORDA DA MATA;MG;83;198;213;11;82;112;205
3168200;TAPIRAI;MG;0;21;12;0;8;2;10
3161007;SAO DOMINGOS DO PRATA;MG;53;196;239;7;51;90;148
3128204;GUARACIABA;MG;17;97;136;2;57;37;96
3130309;IGUATAMA;MG;18;73;94;9;21;35;65
3550407;SAO PEDRO;SP;272;394;556;12;42;67;121
3526704;LEME;SP;791;1350;1422;1;34;65;100
3502002;ANALANDIA;SP;39;61;73;20;40;60;120
3547007;SANTA MARIA DA SERRA;SP;42;110;81;0;29;33;62
3511706;CHARQUEADA;SP;89;211;253;20;155;115;290
3546207;SANTA CRUZ DA CONCEICAO;SP;30;63;88;0;22;71;93
3552403;SUMARE;SP;1721;3587;3696;0;0;150;150
3551603;SERRA NEGRA;SP;248;321;438;0;29;139;168
3556503;VARZEA PAULISTA;SP;464;1464;1334;0;22;128;150
3500600;AGUAS DE SAO PEDRO;SP;23;38;38;0;1;12;13
3527009;LINDOIA;SP;47;120;147;0;0;51;51
3540705;PORTO FERREIRA;SP;283;656;703;0;134;75;209
3503307;ARARAS;SP;1525;2052;1890;14;166;116;296
3524006;ITUPEVA;SP;377;944;893;0;107;148;255
3547502;SANTA RITA DO PASSA QUATRO;SP;157;346;344;0;22;19;41
3545159;SALTINHO;SP;45;80;95;0;17;22;39
3557303;ESTIVA GERBI;SP;33;167;125;0;16;57;73
3525201;JARINU;SP;250;468;493;0;157;193;350
3149200;PEDRINOPOLIS;MG;28;51;62;1;33;40;74
3139250;MAMONAS;MG;23;49;69;0;14;20;34
3123502;DOURADOQUARA;MG;0;19;33;0;3;9;12
3164902;SAO SEBASTIAO DO RIO VERDE;MG;2;30;27;1;21;21;43
3144201;NACIP RAYDAN;MG;0;30;36;0;9;9;18
3124609;ESTRELA DALVA;MG;20;26;30;1;19;6;26
3167905;TABULEIRO;MG;2;36;49;0;5;13;18
3102803;ANDRELANDIA;MG;28;144;202;18;119;119;256
3153806;QUELUZITO;MG;0;17;13;0;8;6;14
3148905;PEDRA DO INDAIA;MG;10;43;44;8;15;14;37
3541604;PROMISSAO;SP;109;482;489;1;88;204;293
3517307;GUAIMBE;SP;30;69;105;0;14;27;41
3520103;IGARAPAVA;SP;192;335;366;0;3;96;99
3534302;ORLANDIA;SP;381;500;504;0;0;4;4
3540101;PONGAI;SP;27;38;43;1;4;4;9
3518107;GUARANTA;SP;33;85;99;0;9;59;68
3517208;GUAICARA;SP;63;186;174;0;56;68;124
3504107;ATIBAIA;SP;1031;2029;2171;0;37;51;88
3533601;NUPORANGA;SP;62;80;104;0;2;8;10
3549409;SAO JOAQUIM DA BARRA;SP;340;582;593;26;37;9;72
3555901;URU;SP;15;18;18;1;4;4;9
3531902;MORRO AGUDO;SP;219;433;394;0;7;7;14
3517000;GETULINA;SP;37;140;132;0;29;24;53
3508801;CAFELANDIA;SP;86;286;288;7;59;90;156
3524105;ITUVERAVA;SP;276;452;426;6;83;16;105
3544608;SABINO;SP;39;114;78;0;9;7;16
3522703;ITAPOLIS;SP;277;466;507;0;33;48;81
3519600;IBITINGA;SP;386;679;766;2;150;158;310
3552700;TABATINGA;SP;83;200;217;0;94;34;128
3539004;PIRANGI;SP;28;133;145;0;13;4;17
3507407;BORBOREMA;SP;98;172;161;0;15;21;36
3515608;FERNANDO PRESTES;SP;33;46;72;20;31;11;62
3514007;DOBRADA;SP;63;119;159;0;5;33;38
3507605;BRAGANCA PAULISTA;SP;1206;2086;2141;0;265;261;526
3103603;ARANTINA;MG;21;35;27;0;8;5;13
3108206;BONFINOPOLIS DE MINAS;MG;45;83;79;41;69;44;154
3145406;OLARIA;MG;0;26;13;0;13;5;18
3171105;VERISSIMO;MG;9;48;102;0;16;27;43
3149002;PEDRA DOURADA;MG;1;39;51;0;18;21;39
3106804;BIAS FORTES;MG;0;46;31;0;9;14;23
3103207;ARACAI;MG;1;33;35;0;13;10;23
3160306;SANTO ANTONIO DO JACINTO;MG;49;162;225;48;135;171;354
3101201;AIURUOCA;MG;10;49;62;0;20;30;50
3127388;GOIANA;MG;2;47;43;0;15;17;32
3148806;PEDRA DO ANTA;MG;0;42;44;0;15;44;59
3171907;VIRGOLANDIA;MG;0;73;66;0;30;16;46
3102050;ALTO CAPARAO;MG;31;73;98;1;11;38;50
3111705;CANAA;MG;2;54;65;2;50;28;80
3540507;PORANGABA;SP;29;98;105;7;76;90;173
3556909;VISTA ALEGRE DO ALTO;SP;36;136;138;0;0;6;6
3517703;GUARA;SP;146;234;345;3;7;8;18
3526407;LARANJAL PAULISTA;SP;205;326;322;0;0;0;0
3529708;MIGUELOPOLIS;SP;112;268;297;3;4;19;26
3521309;IPUA;SP;128;237;217;20;99;94;213
3511607;CESARIO LANGE;SP;134;259;272;0;54;83;137
3503604;AREIOPOLIS;SP;36;164;141;0;5;4;9
3510104;CANDIDO RODRIGUES;SP;16;23;54;0;3;13;16
3546504;SANTA ERNESTINA;SP;28;104;82;0;1;4;5
3544251;ROSANA;SP;116;229;237;1;148;133;282
3512308;CONCHAS;SP;131;229;257;5;43;61;109
3116308;CIPOTANEA;MG;0;67;71;0;23;16;39
3145703;OLIVEIRA FORTES;MG;0;15;31;0;5;22;27
3145802;ONCA DE PITANGUI;MG;15;39;37;12;29;25;66
3134103;ITUETA;MG;13;68;66;1;23;22;46
3162302;SAO JOAO DA MATA;MG;0;35;43;0;16;26;42
3131802;ITABIRINHA DE MANTENA;MG;41;146;153;0;23;23;46
3544905;SALES OLIVEIRA;SP;56;134;142;1;15;20;36
3503000;ARAMINA;SP;48;66;51;13;33;28;74
3550001;SAO LUIS DO PARAITINGA;SP;14;127;128;3;65;62;130
3508207;BURITIZAL;SP;31;50;49;0;14;7;21
3532306;NATIVIDADE DA SERRA;SP;0;86;99;0;32;49;81
3526308;LAGOINHA;SP;1;63;59;0;28;23;51
3536109;PARDINHO;SP;29;103;96;0;23;29;52
3533908;OLIMPIA;SP;387;650;681;0;18;25;43
3517406;GUAIRA;SP;270;483;813;0;0;17;17
3554656;TORRE DE PEDRA;SP;2;29;28;1;15;7;23
3512100;COLOMBIA;SP;69;108;92;1;11;20;32
3524204;JABORANDI;SP;45;79;159;0;1;13;14
3523503;ITATINGA;SP;104;278;283;0;19;25;44
3535606;PARAIBUNA;SP;63;246;221;38;189;169;396
3542305;REDENCAO DA SERRA;SP;0;56;56;0;41;43;84
3524907;JAMBEIRO;SP;49;101;79;21;63;64;148
3520509;INDAIATUBA;SP;2249;2997;3152;0;89;139;228
3543600;RIFAINA;SP;9;58;45;0;9;9;18
3525409;JERIQUARA;SP;31;50;53;0;4;6;10
3537008;PEDREGULHO;SP;65;288;298;0;22;39;61
3513207;CRISTAIS PAULISTA;SP;55;142;110;0;36;42;78
3543105;RIBEIRAO CORRENTE;SP;38;84;87;0;10;26;36
3103108;ANTONIO PRADO DE MINAS;MG;1;15;15;0;4;6;10
3531803;MONTE MOR;SP;551;933;954;0;223;360;583
3523701;ITIRAPUA;SP;58;76;79;0;7;7;14
3514908;ELIAS FAUSTO;SP;99;219;212;0;27;26;53
3532058;MOTUCA;SP;21;62;64;0;0;0;0
3544004;RIO DAS PEDRAS;SP;175;374;426;0;46;30;76
3127909;GRUPIARA;MG;8;18;30;2;3;12;17
3542107;RAFARD;SP;24;108;128;6;26;13;45
3530904;MOMBUCA;SP;21;64;64;0;4;9;13
3536307;PATROCINIO PAULISTA;SP;70;186;207;0;88;132;220
3549508;SAO JOSE DA BELA VISTA;SP;62;123;133;1;17;10;28
3542701;RESTINGA;SP;80;134;168;0;52;40;92
3512001;COLINA;SP;151;227;287;0;1;7;8
3518859;GUATAPARA;SP;63;99;114;4;19;15;38
3553104;TAIACU;SP;24;83;85;0;8;5;13
3531308;MONTE ALTO;SP;309;625;618;3;66;74;143
3517901;GUARACI;SP;73;182;178;0;17;14;31
3553203;TAIUVA;SP;21;77;80;0;5;7;12
3540903;PRADOPOLIS;SP;122;239;286;0;20;47;67
3518602;GUARIBA;SP;165;513;545;5;22;9;36
3500907;ALTAIR;SP;18;53;71;3;12;17;32
3551900;SEVERINIA;SP;74;198;275;0;10;33;43
3531506;MONTE AZUL PAULISTA;SP;94;290;264;0;20;10;30
3553658;TAQUARAL;SP;24;31;43;0;0;0;0
3157336;SANTA CRUZ DE MINAS;MG;0;34;42;0;0;0;0
3513702;DESCALVADO;SP;195;442;461;0;0;41;41
3542909;RIBEIRAO BONITO;SP;51;210;179;1;17;22;40
3551504;SERRANA;SP;382;610;694;0;87;8;95
3527603;LUIS ANTONIO;SP;68;189;218;0;15;6;21
3547601;SANTA ROSA DE VITERBO;SP;186;344;356;1;10;8;19
3509403;CAJURU;SP;155;374;358;0;31;16;47
3505906;BATATAIS;SP;288;722;738;0;15;37;52
3547908;SANTO ANTONIO DA ALEGRIA;SP;37;87;109;0;19;14;33
3550902;SAO SIMAO;SP;80;191;180;0;23;9;32
3523602;ITIRAPINA;SP;95;193;158;0;24;27;51
3513108;CRAVINHOS;SP;215;432;445;12;83;14;109
3507803;BRODOWSKI;SP;111;298;258;2;10;11;23
3510906;CASSIA DO COQUEIROS;SP;18;48;48;1;14;9;24
3551405;SERRA AZUL;SP;51;148;116;1;9;10;20
3501004;ALTINOPOLIS;SP;109;208;225;20;48;51;119
3514304;DOURADO;SP;45;80;109;0;8;9;17
3512704;CORUMBATAI;SP;24;64;43;0;19;18;37
3115706;CENTRAL DE MINAS;MG;4;98;88;0;17;16;33
3546256;SANTA CRUZ DA ESPERANCA;SP;26;50;24;1;8;6;15
3539202;PIRAPOZINHO;SP;177;331;327;0;9;10;19
3534708;OURINHOS;SP;623;1378;1820;0;147;198;345
3542404;REGENTE FEIJO;SP;131;243;278;0;11;21;32
3552908;TACIBA;SP;60;117;123;0;12;12;24
3501301;ALVARES MACHADO;SP;125;331;365;0;12;17;29
3545407;SALTO GRANDE;SP;39;117;202;0;31;81;112
3515509;FERNANDOPOLIS;SP;577;766;943;4;33;83;120
3550506;SAO PEDRO DO TURVO;SP;51;81;105;7;16;15;38
3529609;MERIDIANO;SP;42;45;50;5;10;12;27
3507456;BOREBI;SP;28;61;42;0;0;4;4
3516903;GENERAL SALGADO;SP;63;140;133;20;38;37;95
3537305;PENAPOLIS;SP;521;758;893;0;23;83;106
3508900;CAIABU;SP;19;93;44;0;6;7;13
3520905;IPAUCU;SP;81;251;219;50;110;66;226
3504404;AVANHANDAVA;SP;70;163;161;0;3;5;8
3529203;MARTINOPOLIS;SP;198;292;328;0;0;42;42
3505104;BARBOSA;SP;50;86;95;0;19;14;33
3530003;MIRA ESTRELA;SP;28;34;32;0;10;11;21
3549250;SAO JOAO DE IRACEMA;SP;9;12;22;1;1;3;5
3520608;INDIANA;SP;39;67;56;0;15;10;25
3519501;IBIRAREMA;SP;51;79;80;0;3;3;6
3555307;TURMALINA;SP;16;19;12;3;2;4;9
3500808;ALFREDO MARCONDES;SP;31;50;41;0;0;12;12
3510153;CANITAR;SP;29;75;74;0;6;4;10
3511904;CLEMENTINA;SP;57;121;158;0;8;4;12
3540408;POPULINA;SP;30;60;55;0;6;9;15
3502408;ANHUMAS;SP;37;50;48;0;1;5;6
3549201;SAO JOAO DAS DUAS PONTES;SP;22;31;31;0;6;9;15
3548302;SANTO EXPEDITO;SP;17;42;36;0;15;10;25
3528304;MAGDA;SP;10;35;42;0;8;7;15
3501103;ALTO ALEGRE;SP;18;58;45;0;9;11;20
3534757;OUROESTE;SP;76;113;144;1;7;14;22
3509809;CAMPOS NOVOS PAULISTA;SP;13;58;57;0;3;6;9
3543204;RIBEIRAO DO SUL;SP;19;54;98;0;4;12;16
3539509;PITANGUEIRAS;SP;227;493;504;0;13;16;29
3518206;GUARARAPES;SP;215;381;410;0;39;61;100
3520442;ILHA SOLTEIRA;SP;210;281;286;8;38;50;96
3556305;VALPARAISO;SP;197;300;344;3;16;74;93
3506201;BENTO DE ABREU;SP;14;34;31;0;3;3;6
3502101;ANDRADINA;SP;308;714;709;0;38;38;76
3540200;PONTAL;SP;221;537;587;0;3;7;10
3554409;TERRA ROXA;SP;51;96;137;0;1;2;3
3552304;SUD MENNUCCI;SP;37;106;92;0;10;9;19
3505609;BARRINHA;SP;132;479;571;0;4;8;12
3537404;PEREIRA BARRETO;SP;196;333;400;0;25;44;69
3525102;JARDINOPOLIS;SP;399;587;728;0;59;63;122
3544400;RUBIACEA;SP;28;44;43;0;9;2;11
3532108;MURUTINGA DO SUL;SP;24;45;32;1;11;13;25
3511003;CASTILHO;SP;115;242;309;0;62;84;146
3556800;VIRADOURO;SP;186;311;259;0;0;2;2
3530102;MIRANDOPOLIS;SP;60;281;339;0;21;39;60
3514601;DUMONT;SP;60;106;151;1;1;2;4
3548054;SANTO ANTONIO DO ARACANGUA;SP;91;138;107;2;19;19;40
3523008;ITAPURA;SP;39;61;79;2;9;13;24
3554300;TEODORO SAMPAIO;SP;160;339;295;1;159;173;333
3533007;NOVA GRANADA;SP;119;300;263;0;33;51;84
3541505;PRESIDENTE VENCESLAU;SP;214;415;505;0;17;43;60
3519006;HERCULANDIA;SP;27;138;97;0;12;10;22
3555000;TUPA;SP;327;693;777;0;26;21;47
3505807;BASTOS;SP;119;300;308;9;90;45;144
3536505;PAULINIA;SP;1280;1461;1459;0;0;0;0
3542206;RANCHARIA;SP;230;376;393;0;89;43;132
3528700;MARABA PAULISTA;SP;9;49;54;0;16;24;40
3547700;SANTO ANASTACIO;SP;98;241;279;0;143;101;244
3557204;CHAVANTES;SP;62;201;167;1;32;13;46
3541208;PRESIDENTE BERNARDES;SP;50;156;133;36;116;40;192
3515350;EUCLIDES DA CUNHA PAULISTA;SP;25;125;137;0;24;28;52
3515129;EMILIANOPOLIS;SP;20;48;33;0;2;2;4
3541802;QUEIROZ;SP;31;56;47;5;4;5;14
3543238;RIBEIRAO DO INDIOS;SP;20;38;35;3;6;8;17
3533205;NOVA INDEPENDENCIA;SP;34;75;78;0;10;18;28
3519402;IBIRA;SP;71;147;135;0;30;24;54
3517505;GUAPIACU;SP;198;309;275;17;56;109;182
3526506;LAVINIA;SP;15;55;60;0;13;10;23
3519808;ICEM;SP;41;131;101;0;82;49;131
3555604;UCHOA;SP;71;148;134;1;4;5;10
3504602;BADY BASSITT;SP;133;292;225;0;0;0;0
3161650;SAO GERALDO DO BAIXIO;MG;0;46;56;0;17;24;41
3543808;RINOPOLIS;SP;37;113;94;5;69;16;90
3541703;QUATA;SP;95;176;211;0;8;10;18
3515194;ESPIRITO SANTO DO TURVO;SP;22;66;64;0;11;8;19
3536000;PARAPUA;SP;32;144;98;0;70;23;93
3530201;MIRANTE DO PARANAPANEMA;SP;82;229;224;1;113;143;257
3519204;IACRI;SP;24;78;75;0;22;12;34
3515301;ESTRELA DO NORTE;SP;27;40;39;1;7;2;10
3503356;ARCO-IRIS;SP;10;27;23;1;4;6;11
3553906;TARABAI;SP;31;76;105;5;28;2;35
3525607;JOAO RAMALHO;SP;32;64;63;0;7;11;18
3542008;QUINTANA;SP;59;86;107;3;20;43;66
3532207;NARANDIBA;SP;54;94;69;0;18;10;28
3540804;POTIRENDABA;SP;128;257;227;57;211;109;377
3545506;SANDOVALINA;SP;38;70;66;0;7;7;14
3538303;PIQUEROBI;SP;16;32;41;0;8;5;13
3535002;PALESTINA;SP;93;146;113;0;10;17;27
3546108;SANTA CLARA DOESTE;SP;28;30;32;1;4;7;12
3546603;SANTA FE DO SUL;SP;265;367;504;0;2;7;9
3555802;URANIA;SP;51;97;100;2;14;17;33
3530300;MIRASSOL;SP;429;657;668;0;99;70;169
3524808;JALES;SP;362;563;611;0;20;39;59
3539905;POLONI;SP;20;79;70;0;5;5;10
3531407;MONTE APRAZIVEL;SP;124;236;314;0;11;46;57
3552551;SUZANAPOLIS;SP;31;42;57;2;1;13;16
3502606;APARECIDA DOESTE;SP;36;48;40;0;4;10;14
3521507;IRAPUA;SP;53;90;104;0;9;9;18
3544806;SALES;SP;19;90;93;0;4;16;20
3500204;ADOLFO;SP;38;64;54;0;0;0;0
3504206;AURIFLAMA;SP;55;135;142;0;4;8;12
3540259;PONTALINDA;SP;38;52;63;1;7;7;15
3556008;URUPES;SP;68;226;128;0;15;10;25
3535200;PALMEIRA DOESTE;SP;26;89;112;0;14;20;34
3553401;TANABI;SP;169;315;553;0;24;40;64
3524501;JACI;SP;37;117;84;0;8;8;16
3532504;NEVES PAULISTA;SP;46;73;77;13;21;20;54
3549003;SAO FRANCISCO;SP;16;32;36;0;5;6;11
3525706;JOSE BONIFACIO;SP;197;540;472;0;74;138;212
3547650;SANTA SALETE;SP;17;34;23;0;0;9;9
3555356;UBARANA;SP;38;101;81;0;5;7;12
3532702;NIPOA;SP;19;83;71;0;6;3;9
3518909;GUZOLANDIA;SP;15;55;63;0;2;2;4
3556958;VITORIA BRASIL;SP;20;31;20;0;0;3;3
3532801;NOVA ALIANCA;SP;60;81;133;0;0;0;0
3535903;PARANAPUA;SP;29;51;41;0;4;3;7
3504800;BALSAMO;SP;113;134;107;0;13;6;19
3514205;DOLCINOPOLIS;SP;17;16;30;1;2;3;6
3554904;TRES FRONTEIRAS;SP;35;66;71;0;4;2;6
3544509;RUBINEIA;SP;30;41;37;0;7;12;19
3529500;MENDONCA;SP;40;63;60;0;5;8;13
3555703;UNIAO PAULISTA;SP;7;31;13;0;0;4;4
3547403;SANTA RITA DOESTE;SP;13;29;22;0;4;6;10
3503950;ASPASIA;SP;19;32;19;0;8;7;15
3532843;NOVA CANAA PAULISTA;SP;12;35;54;2;9;6;17
3545704;SANTA ALBERTINA;SP;11;60;65;0;6;6;12
3529658;MESOPOLIS;SP;21;31;35;1;6;7;14
3547205;SANTANA DA PONTE PENSA;SP;11;15;6;0;2;3;5
3513850;DIRCE REIS;SP;19;14;19;4;3;3;10
3539608;PLANALTO;SP;33;95;83;0;3;5;8
3517802;GUARACAI;SP;33;89;82;0;12;14;26
3557154;ZACARIAS;SP;14;34;39;0;2;2;4
3529104;MARINOPOLIS;SP;20;14;19;2;3;6;11
3536901;PEDRANOPOLIS;SP;1;22;33;0;2;17;19
3515202;ESTRELA DOESTE;SP;40;90;107;6;17;20;43
3507704;BRAUNA;SP;50;55;79;0;1;4;5
3520707;INDIAPORA;SP;42;68;44;1;2;6;9
3527702;LUIZIANIA;SP;44;63;85;0;0;4;4
3548401;SANTOPOLIS DO AGUAPEI;SP;30;63;68;0;4;0;4
3528205;MACEDONIA;SP;25;43;54;1;12;18;31
3518008;GUARANI DOESTE;SP;16;27;21;0;4;3;7
3555505;UBIRAJARA;SP;39;91;94;0;24;14;38
3507308;BORACEIA;SP;63;78;59;3;5;4;12
3514106;DOIS CORREGOS;SP;123;388;416;8;156;63;227
3536703;PEDERNEIRAS;SP;240;585;681;0;42;29;71
3512902;COSMORAMA;SP;31;89;63;2;15;16;33
3540309;PONTES GESTAL;SP;19;42;39;0;3;3;6
3510708;CARDOSO;SP;80;125;153;0;0;48;48
3526803;LENCOIS PAULISTA;SP;438;852;868;0;10;25;35
3519105;IACANGA;SP;60;137;135;1;19;27;47
3539400;PIRATININGA;SP;43;202;189;1;127;146;274
3514502;DUARTINA;SP;79;141;148;5;21;49;75
3529807;MINEIROS DO TIETE;SP;47;190;159;24;102;8;134
3528007;MACATUBA;SP;73;242;202;0;3;10;13
3504701;BALBINOS;SP;18;32;16;2;0;3;5
3538907;PIRAJUI;SP;142;298;237;0;10;107;117
3544202;RIOLANDIA;SP;75;112;129;1;4;7;12
3532603;NHANDEARA;SP;51;97;124;0;11;4;15
3527504;LUCIANOPOLIS;SP;7;27;44;0;7;12;19
3545605;SANTA ADELIA;SP;63;176;197;0;7;13;20
3535101;PALMARES PAULISTA;SP;52;150;170;0;5;33;38
3528106;MACAUBAL;SP;10;61;87;0;6;7;13
3536570;PAULISTANIA;SP;24;21;29;0;8;9;17
3533502;NOVO HORIZONTE;SP;200;461;524;35;125;290;450
3506805;BOCAINA;SP;62;155;138;2;39;63;104
3522901;ITAPUI;SP;119;193;172;0;0;0;0
3500709;AGUDOS;SP;336;571;682;3;15;28;46
3535705;PARAISO;SP;41;95;90;0;7;4;11
3536604;PAULO DE FARIA;SP;51;130;105;0;2;6;8
3509304;CAJOBI;SP;66;125;120;1;10;10;21
3541109;PRESIDENTE ALVES;SP;23;48;50;0;10;7;17
3521903;ITAJOBI;SP;76;224;207;36;106;109;251
3538105;PINDORAMA;SP;88;172;165;0;21;51;72
3505302;BARRA BONITA;SP;163;387;401;0;150;122;272
3501202;ALVARES FLORENCE;SP;42;50;40;2;19;10;31
3514957;EMBAUBA;SP;20;29;42;1;0;0;1
3514924;ELISIARIO;SP;26;33;43;1;7;8;16
3556107;VALENTIM GENTIL;SP;43;168;137;0;2;9;11
3533304;NOVA LUZITANIA;SP;20;38;41;0;2;1;3
3511201;CATIGUA;SP;38;102;182;3;48;51;102
3522000;ITAJU;SP;20;58;63;0;1;6;7
3508306;CABRALIA PAULISTA;SP;10;68;54;0;27;19;46
3533254;NOVAIS;SP;68;91;60;1;2;4;7
3531001;MONCOES;SP;17;20;31;0;3;4;7
3552601;TABAPUA;SP;66;129;224;2;34;35;71
3503406;AREALVA;SP;43;90;89;0;16;24;40
3520004;IGARACU DO TIETE;SP;137;294;354;94;109;95;298
3528858;MARAPOAMA;SP;20;32;30;1;8;4;13
3504305;AVAI;SP;3;71;64;0;19;12;31
3516804;GASTAO VIDIGAL;SP;21;49;54;2;8;6;16
3551306;SEBASTIANOPOLIS DO SUL;SP;32;41;37;2;4;4;10
3501806;AMERICO DE CAMPOS;SP;27;69;66;0;23;30;53
3554706;TORRINHA;SP;40;125;99;1;60;60;121
3503703;ARIRANHA;SP;84;93;126;4;2;5;11
3532868;NOVA CASTILHO;SP;13;21;19;1;3;3;7
3542503;REGINOPOLIS;SP;30;75;65;0;0;2;2
3536257;PARISI;SP;7;36;37;0;3;3;6
3534005;ONDA VERDE;SP;22;72;64;0;28;4;32
3540002;POMPEIA;SP;122;262;265;49;166;153;368
3514700;ECHAPORA;SP;26;108;150;0;11;18;29
3520301;IGUAPE;SP;112;425;406;0;0;11;11
3516705;GARCA;SP;211;539;561;0;41;46;87
3516606;GALIA;SP;63;87;74;0;12;13;25
3556602;VERA CRUZ;SP;53;94;102;1;12;10;23
3526100;JUQUIA;SP;75;253;284;8;81;126;215
3523305;ITARIRI;SP;68;208;195;0;46;45;91
3520426;ILHA COMPRIDA;SP;93;130;130;0;0;0;0
3525805;JULIO MESQUITA;SP;41;65;64;0;8;4;12
3534203;ORINDIUVA;SP;39;92;70;0;3;6;9
3537206;PEDRO DE TOLEDO;SP;44;134;167;0;45;82;127
3534104;ORIENTE;SP;20;97;76;0;3;4;7
3534500;OSCAR BRESSANE;SP;16;28;25;0;5;1;6
3511300;CEDRAL;SP;58;156;118;13;48;58;119
3501509;ALVINLANDIA;SP;37;63;44;2;5;6;13
3501400;ALVARO DE CARVALHO;SP;18;75;87;0;8;6;14
3527801;LUPERCIO;SP;51;80;62;2;7;2;11
3515657;FERNAO;SP;9;24;35;0;2;10;12
3119609;CORONEL PACHECO;MG;0;30;41;0;25;34;59
3521150;IPIGUA;SP;36;61;78;8;32;33;73
3515905;FLOREAL;SP;23;25;28;1;1;2;4
3524600;JACUPIRANGA;SP;75;220;233;0;100;87;187
3510005;CANDIDO MOTA;SP;255;445;387;0;169;13;182
3504008;ASSIS;SP;928;1219;1425;0;8;5;13
3536208;PARIQUERA-ACU;SP;36;256;311;0;25;20;45
3505401;BARRA DO TURVO;SP;0;126;113;0;34;36;70
3535507;PARAGUACU PAULISTA;SP;345;570;612;0;44;48;92
3509254;CAJATI;SP;104;506;550;0;148;213;361
3514809;ELDORADO;SP;66;221;234;0;38;36;74
3551801;SETE BARRAS;SP;59;229;229;0;44;70;114
3509908;CANANEIA;SP;50;181;187;0;9;18;27
3519907;IEPE;SP;31;98;87;10;33;36;79
3532157;NANTES;SP;25;44;38;1;3;5;9
3535309;PALMITAL;SP;173;298;268;1;20;17;38
3539707;PLATINA;SP;32;43;58;7;12;13;32
3553955;TARUMA;SP;168;246;267;0;2;11;13
3527900;LUTECIA;SP;23;37;35;0;6;8;14
3507209;BORA;SP;9;8;17;0;1;4;5
3528809;MARACAI;SP;58;202;189;0;14;15;29
3513306;CRUZALIA;SP;16;17;32;0;0;14;14
3537156;PEDRINHAS PAULISTA;SP;34;37;29;2;6;2;10
3516101;FLORINIA;SP;19;45;46;0;3;6;9
3530409;MIRASSOLANDIA;SP;33;58;63;0;18;4;22
3533700;OCAUCU;SP;62;76;87;6;24;27;57
3526209;JUQUITIBA;SP;154;500;498;8;313;299;620
3552106;SOCORRO;SP;218;439;438;0;137;135;272
3532009;MORUNGABA;SP;66;166;170;0;27;22;49
3538600;PIRACAIA;SP;174;300;326;0;109;117;226
3532405;NAZARE PAULISTA;SP;74;243;214;0;150;156;306
3507100;BOM JESUS DO PERDOES;SP;189;344;402;21;46;157;224
3502903;ARACOIABA DA SERRA;SP;174;449;422;0;278;222;500
3537909;PILAR DO SUL;SP;177;419;411;0;5;69;74
3545308;SALTO DE PIRAPORA;SP;227;561;588;0;44;70;114
3510302;CAPELA DO ALTO;SP;129;278;311;0;68;75;143
3538204;PINHALZINHO;SP;62;231;199;0;68;80;148
3525508;JOANOPOLIS;SP;82;149;179;0;40;51;91
3553500;TAPIRAI;SP;66;103;122;18;63;94;175
3536406;PAULICEIA;SP;63;146;99;2;96;40;138
3549300;SAO JOAO DO PAU DALHO;SP;11;20;27;0;2;2;4
3545100;SALMOURAO;SP;21;63;53;0;7;6;13
3534807;OURO VERDE;SP;40;107;95;10;75;5;90
3528908;MARIAPOLIS;SP;16;65;34;0;0;0;0
3534906;PACAEMBU;SP;65;123;108;0;13;17;30
3547106;SANTA MERCEDES;SP;28;42;41;0;3;6;9
3555109;TUPI PAULISTA;SP;69;171;132;0;14;14;28
3544707;SAGRES;SP;15;25;34;0;0;6;6
3516002;FLORIDA PAULISTA;SP;59;133;123;0;15;18;33
3533106;NOVA GUATAPORANGA;SP;19;30;21;0;0;5;5
3515806;FLORA RICA;SP;13;14;21;0;0;0;0
3520806;INUBIA PAULISTA;SP;19;56;41;0;4;6;10
3531605;MONTE CASTELO;SP;30;42;55;1;4;2;7
3521606;IRAPURU;SP;25;85;52;0;6;6;12
3540853;PRACINHA;SP;9;23;16;0;0;0;0
3531209;MONTE ALEGRE DO SUL;SP;41;63;100;17;63;74;154
3536802;PEDRA BELA;SP;23;60;55;0;41;54;95
3556354;VARGEM;SP;43;106;129;0;15;48;63
3554953;TUIUTI;SP;21;72;91;0;36;41;77
3531704;MONTEIRO LOBATO;SP;8;67;120;0;1;48;49
3541653;QUADRA;SP;13;69;72;0;42;56;98
3506904;BOFETE;SP;33;139;162;0;25;32;57
3537503;PEREIRAS;SP;14;92;105;0;27;19;46
3541059;PRATANIA;SP;32;88;85;0;21;30;51
3502309;ANHEMBI;SP;45;90;91;0;18;20;38
