3202405;GUARAPARI;ES;2872;3227;1781;3;188;142;333
3205309;VITORIA;ES;11996;8827;4300;0;0;0;0
3201605;CONCEICAO DA BARRA;ES;812;844;438;51;105;113;269
3205200;VILA VELHA;ES;4698;11224;6242;4;20;64;88
3204302;PRESIDENTE KENNEDY;ES;480;408;204;353;307;167;827
3205002;SERRA;ES;6930;13996;7695;20;111;354;485
3201308;CARIACICA;ES;6713;6929;5618;64;186;189;439
3202454;IBATIBA;ES;304;702;380;8;318;187;513
3204708;SAO GABRIEL DA PALHA;ES;517;738;368;0;113;62;175
3200607;ARACRUZ;ES;1623;3716;1460;0;405;250;655
3202108;ECOPORANGA;ES;556;536;275;79;183;89;351
3201506;COLATINA;ES;2926;2899;1434;4;299;155;458
3202306;GUACUI;ES;608;787;416;0;301;92;393
3201704;CONCEICAO DO CASTELO;ES;253;348;161;0;273;103;376
3202801;ITAPEMIRIM;ES;1135;1131;678;0;382;233;615
3200409;ANCHIETA;ES;1053;830;376;281;349;154;784
3204906;SAO MATEUS;ES;1998;3355;1710;72;365;270;707
3202207;FUNDAO;ES;391;513;265;40;114;125;279
3200359;ALTO RIO NOVO;ES;147;204;116;0;86;49;135
3203205;LINHARES;ES;4708;4687;2468;21;363;288;672
3203007;IUNA;ES;383;767;375;7;318;202;527
3203056;JAGUARE;ES;664;909;449;0;100;70;170
3202256;GOVERNADOR LINDENBERG;ES;257;258;144;6;102;64;172
3202900;ITARANA;ES;134;207;108;10;124;75;209
3204104;PINHEIROS;ES;286;725;361;25;72;62;159
3201001;BOA ESPERANCA;ES;289;413;181;3;95;44;142
3204658;SAO DOMINGOS DO NORTE;ES;120;197;117;85;128;96;309
3203163;LARANJA DA TERRA;ES;74;230;117;10;140;70;220
3204351;RIO BANANAL;ES;336;528;280;42;214;151;407
3202553;IBITIRAMA;ES;151;278;174;0;146;103;249
3204203;PIUMA;ES;494;615;343;51;215;104;370
3205069;VENDA NOVA DO IMIGRANTE;ES;729;616;268;225;463;146;834
3203809;MUQUI;ES;219;315;178;12;89;53;154
3204955;SAO ROQUE DO CANAA;ES;176;238;123;156;191;112;459
3201209;CACHOEIRO DE ITAPEMIRIM;ES;5447;4955;2394;192;363;165;720
3203106;JERONIMO MONTEIRO;ES;208;258;137;64;175;81;320
3203403;MIMOSO DO SUL;ES;383;538;290;4;108;121;233
3204401;RIO NOVO DO SUL;ES;272;281;155;14;105;50;169
3201159;BREJETUBA;ES;152;433;178;9;280;106;395
3200904;BARRA DE SAO FRANCISCO;ES;736;1127;538;4;317;151;472
3205036;VARGEM ALTA;ES;296;538;248;195;353;171;719
3200169;AGUA DOCE DO NORTE;ES;97;304;192;12;96;83;191
3200136;AGUIA BRANCA;ES;125;266;116;85;239;74;398
3202504;IBIRACU;ES;310;332;167;0;48;28;76
3203346;MARECHAL FLORIANO;ES;394;477;236;5;196;119;320
3205010;SOORETAMA;ES;785;907;418;168;219;124;511
3203320;MARATAIZES;ES;900;1122;591;139;334;294;767
3200706;ATILIO VIVACQUA;ES;435;300;129;72;87;47;206
3202702;ITAGUACU;ES;253;289;142;0;93;49;142
3205101;VIANA;ES;1964;2210;1029;5;169;50;224
3201407;CASTELO;ES;597;871;405;5;259;121;385
3204005;PANCAS;ES;310;454;221;2;192;83;277
3203304;MANTENOPOLIS;ES;269;371;182;15;137;65;217
3205176;VILA VALERIO;ES;288;337;191;0;145;83;228
3202652;IRUPI;ES;246;316;185;0;204;97;301
3204609;SANTA TERESA;ES;344;504;278;2;257;194;453
3204559;SANTA MARIA DE JETIBA;ES;544;1073;514;5;538;277;820
3203908;NOVA VENECIA;ES;721;1230;609;141;406;222;769
3203601;MUCURICI;ES;99;134;53;0;20;4;24
3200201;ALEGRE;ES;756;677;374;133;194;80;407
3202009;DORES DO RIO PRETO;ES;69;175;115;0;76;59;135
3203502;MONTANHA;ES;522;512;274;82;292;43;417
3200102;AFONSO CLAUDIO;ES;583;736;373;9;281;140;430
3203700;MUNIZ FREIRE;ES;261;531;232;25;225;118;368
3200805;BAIXO GUANDU;ES;657;766;392;0;52;44;96
3203353;MARILANDIA;ES;177;279;142;21;93;51;165
3203130;JOAO NEIVA;ES;379;409;183;0;43;26;69
3201902;DOMINGOS MARTINS;ES;586;911;464;59;604;348;1011
3202603;ICONHA;ES;356;285;144;12;135;70;217
3204500;SANTA LEOPOLDINA;ES;132;254;158;42;177;108;327
3204054;PEDRO CANARIO;ES;338;717;287;5;44;16;65
3200300;ALFREDO CHAVES;ES;247;327;166;4;127;76;207
3204807;SAO JOSE DO CALCADO;ES;159;319;135;20;65;39;124
3201100;BOM JESUS DO NORTE;ES;247;267;108;2;11;12;25
3201803;DIVINO DE SAO LOURENCO;ES;25;126;48;0;75;30;105
3200508;APIACA;ES;87;168;94;0;62;28;90
3205150;VILA PAVAO;ES;64;218;110;15;84;38;137
3204252;PONTO BELO;ES;127;208;92;37;33;24;94
3522505;ITAPEVI;SP;2977;7169;3912;0;0;52;52
3515004;EMBU;SP;6195;7330;3992;0;20;62;82
3505708;BARUERI;SP;10196;10378;5264;0;0;0;0
3525003;JANDIRA;SP;2752;3226;1554;0;1;18;19
3552809;TABOAO DA SERRA;SP;5618;7715;4296;0;1;3;4
3550308;SAO PAULO;SP;365854;295588;155105;259;30911;5844;37014
3547304;SANTANA DE PARNAIBA;SP;3830;4503;2395;0;78;199;277
3539103;PIRAPORA DO BOM JESUS;SP;674;632;292;62;80;42;184
3518800;GUARULHOS;SP;29357;37260;20614;23;2530;1518;4071
3545209;SALTO;SP;2644;3160;1521;0;331;213;544
3523909;ITU;SP;3389;4238;2428;76;742;701;1519
3540606;PORTO FELIZ;SP;1285;1413;688;0;179;116;295
3548807;SAO CAETANO DO SUL;SP;3686;3368;1963;0;0;8;8
3525904;JUNDIAI;SP;9675;10460;5685;560;573;421;1554
3548500;SANTOS;SP;10889;9279;5460;571;503;358;1432
3513504;CUBATAO;SP;2672;3191;1787;3;572;237;812
3547809;SANTO ANDRE;SP;14800;16123;9193;308;553;262;1123
3549102;SAO JOAO DA BOA VISTA;SP;2448;2033;1135;9;144;122;275
3518701;GUARUJA;SP;5677;8326;4556;0;0;22;22
3510807;CASA BRANCA;SP;687;529;365;0;0;0;0
3508702;CACONDE;SP;303;352;235;0;0;36;36
3515186;ESPIRITO SANTO DO PINHAL;SP;860;899;472;0;10;13;23
3529401;MAUA;SP;8149;10462;5896;0;2;180;182
3549706;SAO JOSE DO RIO PARDO;SP;1193;1293;814;35;149;238;422
3530508;MOCOCA;SP;1572;1569;833;3;88;53;144
3506359;BERTIOGA;SP;1950;1925;1018;0;728;288;1016
3529302;MATAO;SP;1767;1945;999;0;28;37;65
3544301;ROSEIRA;SP;314;327;171;63;21;28;112
3527207;LORENA;SP;1371;2111;1185;0;96;48;144
3513603;CUNHA;SP;188;330;269;3;100;182;285
3505500;BARRETOS;SP;3583;2799;1650;7;39;49;95
3556404;VARGEM GRANDE DO SUL;SP;665;945;508;0;53;39;92
3550803;SAO SEBASTIAO DA GRAMA;SP;112;245;137;14;128;69;211
3553302;TAMBAU;SP;499;610;292;1;16;15;32
3513801;DIADEMA;SP;8129;10377;5932;3;10;25;38
3523107;ITAQUAQUECETUBA;SP;5691;9700;5643;1;1553;1007;2561
3539806;POA;SP;1536;3441;1777;6;52;24;82
3540853;PRACINHA;SP;37;35;22;0;2;1;3
3514403;DRACENA;SP;1175;924;553;0;34;26;60
3501608;AMERICANA;SP;5474;5214;2734;85;564;315;964
3519709;IBIUNA;SP;1257;2156;1220;14;862;537;1413
3503208;ARARAQUARA;SP;6966;5525;2831;249;238;407;894
3501152;ALUMINIO;SP;373;496;280;51;188;80;319
3545803;SANTA BARBARA D´OESTE;SP;3851;4401;2304;18;24;150;192
3550605;SAO ROQUE;SP;2034;2164;1196;12;429;358;799
3528403;MAIRINQUE;SP;1082;1424;760;176;330;287;793
3502754;ARACARIGUAMA;SP;485;689;346;28;88;94;210
3556453;VARGEM GRANDE PAULISTA;SP;1023;1558;822;0;70;96;166
3534807;OURO VERDE;SP;128;216;149;62;148;12;222
3521606;IRAPURU;SP;80;111;72;0;3;5;8
3516002;FLORIDA PAULISTA;SP;157;225;140;0;16;12;28
3533403;NOVA ODESSA;SP;1350;1359;753;0;78;71;149
3518404;GUARATINGUETA;SP;1945;2767;1655;0;30;28;58
3502507;APARECIDA;SP;801;918;505;0;0;22;22
3513405;CRUZEIRO;SP;907;1854;1189;7;97;59;163
3527405;LUCELIA;SP;360;387;201;88;141;45;274
3526001;JUNQUEIROPOLIS;SP;547;470;290;0;85;94;179
3552205;SOROCABA;SP;16262;17148;8976;7;134;583;724
3552502;SUZANO;SP;6435;8765;4850;42;1572;504;2118
3515707;FERRAZ DE VASCONCELOS;SP;4119;4215;2495;0;0;5;5
3523602;ITIRAPINA;SP;238;359;160;0;76;49;125
3548906;SAO CARLOS;SP;6640;5450;3250;73;202;358;633
3510005;CANDIDO MOTA;SP;757;706;397;0;16;8;24
3553955;TARUMA;SP;530;407;201;0;0;2;2
3522208;ITAPECERICA DA SERRA;SP;2930;4925;2835;3;150;290;443
3519303;IBATE;SP;791;953;461;0;17;8;25
3535507;PARAGUACU PAULISTA;SP;1299;1141;564;0;98;47;145
3513306;CRUZALIA;SP;69;26;24;20;11;10;41
3504008;ASSIS;SP;2685;2393;1245;1;95;97;193
3549953;SAO LOURENCO DA SERRA;SP;276;396;192;0;183;128;311
3509700;CAMPOS DO JORDAO;SP;1572;1338;702;9;38;25;72
3516101;FLORINIA;SP;108;70;33;3;8;4;15
3543253;RIBEIRAO GRANDE;SP;74;230;131;29;128;61;218
3548708;SAO BERNARDO DO CAMPO;SP;20384;20879;10840;543;1888;1391;3822
3532157;NANTES;SP;89;57;40;1;3;3;7
3549904;SAO JOSE DOS CAMPOS;SP;18056;18651;9380;0;10;635;645
3555406;UBATUBA;SP;2694;2457;1286;0;129;167;296
3509502;CAMPINAS;SP;29571;27311;14354;720;1832;844;3396
3546504;SANTA ERNESTINA;SP;115;128;59;5;16;4;25
3543402;RIBEIRAO PRETO;SP;15999;14810;8509;66;250;118;434
3551405;SERRA AZUL;SP;169;272;128;2;10;9;21
3551504;SERRANA;SP;1408;1197;614;0;106;23;129
3501004;ALTINOPOLIS;SP;374;400;200;26;81;53;160
3513108;CRAVINHOS;SP;632;770;450;56;376;30;462
3547601;SANTA ROSA DE VITERBO;SP;477;564;338;1;18;38;57
3505906;BATATAIS;SP;1030;1378;830;1;24;84;109
3509403;CAJURU;SP;505;586;338;0;45;37;82
3550902;SAO SIMAO;SP;305;308;234;0;21;25;46
3507803;BRODOWSKI;SP;498;601;324;6;17;15;38
3514304;DOURADO;SP;114;183;99;2;14;7;23
3542909;RIBEIRAO BONITO;SP;225;324;170;4;19;14;37
3545407;SALTO GRANDE;SP;211;212;128;12;63;82;157
3528007;MACATUBA;SP;468;415;245;8;9;5;22
3546405;SANTA CRUZ DO RIO PARDO;SP;1149;1121;641;23;105;64;192
3522901;ITAPUI;SP;437;336;238;13;112;75;200
3516200;FRANCA;SP;7635;8670;4245;0;113;65;178
3520905;IPAUCU;SP;248;344;205;144;226;79;449
3513207;CRISTAIS PAULISTA;SP;196;219;117;11;50;31;92
3537008;PEDREGULHO;SP;326;368;191;4;57;39;100
3536307;PATROCINIO PAULISTA;SP;223;390;183;0;10;26;36
3506102;BEBEDOURO;SP;2235;1702;920;41;48;125;214
3518602;GUARIBA;SP;598;1030;514;2;18;10;30
3534708;OURINHOS;SP;1671;2633;1426;18;250;314;582
3557204;CHAVANTES;SP;211;342;192;0;11;4;15
3515194;ESPIRITO SANTO DO TURVO;SP;115;117;85;2;17;7;26
3556503;VARZEA PAULISTA;SP;1592;2791;1341;1;62;87;150
3523404;ITATIBA;SP;2694;3080;1411;5;342;208;555
3507001;BOITUVA;SP;1044;1628;857;0;224;144;368
3508405;CABREUVA;SP;1206;1410;736;0;214;144;358
3521002;IPERO;SP;647;845;458;0;82;72;154
3511508;CERQUILHO;SP;1203;1056;654;6;66;119;191
3554508;TIETE;SP;1171;962;511;0;73;74;147
3502804;ARACATUBA;SP;5968;5917;2371;3;87;235;325
3542602;REGISTRO;SP;1401;1753;855;17;190;169;376
3552403;SUMARE;SP;6189;7193;3716;0;10;2;12
3519071;HORTOLANDIA;SP;6138;6214;3453;0;1;1;2
3536505;PAULINIA;SP;4152;2763;1439;29;1054;516;1599
3535101;PALMARES PAULISTA;SP;202;253;136;1;3;2;6
3545605;SANTA ADELIA;SP;196;313;163;5;9;2;16
3520509;INDAIATUBA;SP;8003;6210;3175;0;186;125;311
3514106;DOIS CORREGOS;SP;376;656;358;33;186;172;391
3506805;BOCAINA;SP;233;326;154;28;129;48;205
3536703;PEDERNEIRAS;SP;865;1218;652;3;121;103;227
3519501;IBIRAREMA;SP;152;192;74;0;6;2;8
3527108;LINS;SP;1967;1828;1199;6;211;202;419
3509809;CAMPOS NOVOS PAULISTA;SP;109;114;62;2;14;15;31
3517000;GETULINA;SP;121;209;124;27;60;42;129
3505203;BARIRI;SP;692;796;420;0;39;98;137
3541604;PROMISSAO;SP;348;960;584;6;128;226;360
3508801;CAFELANDIA;SP;202;448;274;11;93;126;230
3517208;GUAICARA;SP;203;288;193;0;20;73;93
3511102;CATANDUVA;SP;2570;2641;1645;0;3;313;316
3533502;NOVO HORIZONTE;SP;744;908;519;149;170;83;402
3513009;COTIA;SP;4560;7458;4427;1;510;532;1043
3510609;CARAPICUIBA;SP;6311;9527;6788;0;4;30;34
3555000;TUPA;SP;1237;1415;762;2;50;33;85
3527306;LOUVEIRA;SP;1375;1423;670;231;352;222;805
3530607;MOGI DAS CRUZES;SP;11266;11723;6935;11;909;983;1903
3538808;PIRAJU;SP;882;700;384;2;108;72;182
3531803;MONTE MOR;SP;1564;1988;934;2;522;349;873
3530904;MOMBUCA;SP;88;126;68;0;18;8;26
3510401;CAPIVARI;SP;1030;1404;709;0;333;170;503
3514908;ELIAS FAUSTO;SP;326;454;248;0;64;49;113
3538105;PINDORAMA;SP;218;297;147;7;38;30;75
3500303;AGUAI;SP;633;867;426;1;72;40;113
3524303;JABOTICABAL;SP;1617;1641;892;1;33;33;67
3553203;TAIUVA;SP;74;127;53;1;46;32;79
3531308;MONTE ALTO;SP;996;1058;560;56;165;154;375
3525300;JAU;SP;2433;2939;1651;52;242;221;515
3505302;BARRA BONITA;SP;662;695;399;159;325;108;592
3550506;SAO PEDRO DO TURVO;SP;156;193;90;8;33;22;63
3506300;BERNARDINO DE CAMPOS;SP;248;260;119;0;105;12;117
3541406;PRESIDENTE PRUDENTE;SP;6139;5120;2712;5;215;167;387
3550407;SAO PEDRO;SP;870;922;453;3;97;62;162
3538709;PIRACICABA;SP;12766;10291;5189;0;210;289;499
3529203;MARTINOPOLIS;SP;604;562;332;0;49;38;87
3539202;PIRAPOZINHO;SP;667;621;331;0;11;8;19
3501301;ALVARES MACHADO;SP;483;664;369;0;125;29;154
3542404;REGENTE FEIJO;SP;548;469;258;3;25;10;38
3543907;RIO CLARO;SP;4752;4659;2550;186;365;431;982
3526902;LIMEIRA;SP;6888;6635;3540;64;217;166;447
3512803;COSMOPOLIS;SP;1023;1412;806;0;47;103;150
3522109;ITANHAEM;SP;2870;3050;1667;0;32;35;67
3531100;MONGAGUA;SP;974;1527;879;0;22;158;180
3551009;SAO VICENTE;SP;5988;8666;4966;5;21;104;130
3534302;ORLANDIA;SP;1092;946;506;9;4;3;16
3520103;IGARAPAVA;SP;628;663;316;3;9;30;42
3549805;SAO JOSE DO RIO PRETO;SP;12686;10587;5458;662;1118;525;2305
3533007;NOVA GRANADA;SP;367;499;236;16;53;52;121
3504602;BADY BASSITT;SP;370;492;252;0;34;25;59
3549409;SAO JOAQUIM DA BARRA;SP;1078;1150;608;86;81;17;184
3541000;PRAIA GRANDE;SP;10605;8909;4781;0;5;5;10
3554102;TAUBATE;SP;7008;7981;4410;82;259;289;630
3512407;CORDEIROPOLIS;SP;629;662;311;16;44;73;133
3503802;ARTUR NOGUEIRA;SP;1094;1306;775;0;101;111;212
3531902;MORRO AGUDO;SP;615;797;439;0;16;60;76
3507605;BRAGANCA PAULISTA;SP;3587;4129;2144;5;447;260;712
3504107;ATIBAIA;SP;3752;4209;2067;7;173;118;298
3507100;BOM JESUS DO PERDOES;SP;605;601;318;35;71;92;198
3552106;SOCORRO;SP;803;853;463;1;214;155;370
3556354;VARGEM;SP;128;212;85;0;77;14;91
3532009;MORUNGABA;SP;204;331;171;0;112;33;145
3542206;RANCHARIA;SP;737;754;404;4;203;87;294
3542008;QUINTANA;SP;225;178;81;14;41;31;86
3541703;QUATA;SP;349;375;176;0;12;3;15
3538600;PIRACAIA;SP;583;623;399;0;153;112;265
3543808;RINOPOLIS;SP;112;199;134;4;166;105;275
3519006;HERCULANDIA;SP;126;209;96;4;17;9;30
3505807;BASTOS;SP;452;532;271;48;200;73;321
3536000;PARAPUA;SP;100;252;126;0;15;13;28
3532827;NOVA CAMPINA;SP;169;250;127;17;29;34;80
3530706;MOGI-GUACU;SP;2541;3791;2034;54;430;374;858
3536802;PEDRA BELA;SP;54;137;62;3;80;43;126
3545159;SALTINHO;SP;152;222;98;0;33;29;62
3552908;TACIBA;SP;204;172;82;0;16;11;27
3506003;BAURU;SP;8277;9152;4754;0;0;294;294
3530805;MOGI-MIRIM;SP;2083;2431;986;0;168;149;317
3527009;LINDOIA;SP;152;173;75;0;0;2;2
3501905;AMPARO;SP;1547;1704;847;13;112;151;276
3538907;PIRAJUI;SP;264;448;266;0;1;5;6
3551603;SERRA NEGRA;SP;755;636;333;3;78;82;163
3548005;SANTO ANTONIO DE POSSE;SP;453;587;303;37;174;54;265
3522604;ITAPIRA;SP;1631;1572;973;20;81;82;183
3519055;HOLAMBRA;SP;512;447;226;10;115;93;218
3526803;LENCOIS PAULISTA;SP;1812;1670;874;9;31;38;78
3500709;AGUDOS;SP;1001;1057;531;6;36;23;65
3539400;PIRATININGA;SP;196;312;176;8;172;107;287
3532405;NAZARE PAULISTA;SP;349;422;222;66;225;202;493
3546306;SANTA CRUZ DAS PALMEIRAS;SP;484;709;392;3;20;18;41
3555356;UBARANA;SP;129;170;83;3;7;6;16
3524501;JACI;SP;185;176;88;0;14;9;23
3529500;MENDONCA;SP;160;122;71;0;5;6;11
3521507;IRAPUA;SP;162;190;106;6;15;8;29
3530300;MIRASSOL;SP;1222;1402;747;0;5;25;30
3525706;JOSE BONIFACIO;SP;673;896;530;0;145;151;296
3556206;VALINHOS;SP;2644;2722;1577;0;177;141;318
3556701;VINHEDO;SP;2327;2016;979;0;0;0;0
3509601;CAMPO LIMPO PAULISTA;SP;1291;2387;1275;0;438;217;655
3525201;JARINU;SP;778;964;644;0;299;277;576
3524006;ITUPEVA;SP;1302;1836;976;0;248;156;404
3545001;SALESOPOLIS;SP;109;399;249;0;174;150;324
3535408;PANORAMA;SP;350;411;242;0;17;6;23
3538501;PIQUETE;SP;176;282;156;4;20;11;35
3540754;POTIM;SP;296;479;249;0;60;3;63
3546900;SANTA LUCIA;SP;171;206;103;61;114;28;203
3508603;CACHOEIRA PAULISTA;SP;609;879;451;4;80;37;121
3541901;QUELUZ;SP;140;230;145;0;42;26;68
3534906;PACAEMBU;SP;193;245;114;0;46;6;52
3545100;SALMOURAO;SP;85;107;53;0;11;5;16
3534609;OSVALDO CRUZ;SP;633;723;364;0;23;10;33
3543303;RIBEIRAO PIRES;SP;2388;2640;1560;1;233;363;597
3500105;ADAMANTINA;SP;696;706;346;0;233;35;268
3536406;PAULICEIA;SP;199;224;120;0;66;42;108
3533908;OLIMPIA;SP;1500;1390;800;0;44;33;77
3504909;BANANAL;SP;78;196;110;36;80;31;147
3557105;VOTUPORANGA;SP;2215;2077;1122;1;49;66;116
3524709;JAGUARIUNA;SP;1465;1328;769;105;248;187;540
3519600;IBITINGA;SP;1166;1348;790;2;156;151;309
3513702;DESCALVADO;SP;712;780;353;0;0;31;31
3528809;MARACAI;SP;244;321;173;0;14;14;28
3535309;PALMITAL;SP;537;452;341;0;25;33;58
3528858;MARAPOAMA;SP;84;56;34;8;6;7;21
3544004;RIO DAS PEDRAS;SP;520;840;410;17;63;22;102
3529807;MINEIROS DO TIETE;SP;229;287;154;52;88;6;146
3507308;BORACEIA;SP;125;126;81;3;7;6;16
3540903;PRADOPOLIS;SP;438;437;221;15;59;60;134
3531506;MONTE AZUL PAULISTA;SP;407;364;216;3;21;12;36
3510153;CANITAR;SP;107;137;70;5;9;0;14
3542701;RESTINGA;SP;202;230;106;0;47;29;76
3543105;RIBEIRAO CORRENTE;SP;154;136;74;7;30;11;48
3549508;SAO JOSE DA BELA VISTA;SP;187;200;109;7;16;6;29
3507902;BROTAS;SP;405;501;322;0;96;46;142
3543204;RIBEIRAO DO SUL;SP;95;109;76;0;19;24;43
3522406;ITAPEVA;SP;2710;2610;1315;13;465;248;726
3518107;GUARANTA;SP;80;160;124;5;42;32;79
3520004;IGARACU DO TIETE;SP;529;537;331;301;233;84;618
3544103;RIO GRANDE DA SERRA;SP;817;1181;573;0;0;219;219
3522000;ITAJU;SP;95;79;43;4;12;5;21
3509304;CAJOBI;SP;256;213;112;2;8;5;15
3511201;CATIGUA;SP;125;180;87;51;91;49;191
3552601;TABAPUA;SP;237;276;123;18;62;32;112
3521903;ITAJOBI;SP;320;356;183;162;203;108;473
3553609;TAPIRATIBA;SP;360;416;133;2;0;0;2
3529708;MIGUELOPOLIS;SP;274;458;263;0;9;6;15
3544905;SALES OLIVEIRA;SP;197;239;134;29;21;13;63
3554003;TATUI;SP;1958;3056;1686;0;0;260;260
3521101;IPEUNA;SP;183;205;103;0;131;62;193
3522307;ITAPETININGA;SP;3460;4016;2108;0;214;239;453
3546702;SANTA GERTRUDES;SP;579;686;353;113;28;11;152
3517703;GUARA;SP;406;450;269;0;8;28;36
3533601;NUPORANGA;SP;200;172;94;0;6;5;11
3521408;IRACEMAPOLIS;SP;700;479;303;0;17;23;40
3502200;ANGATUBA;SP;515;598;351;47;383;236;666
3534401;OSASCO;SP;17629;17550;10223;0;335;351;686
3538006;PINDAMONHANGABA;SP;2496;4126;2119;1;201;141;343
3500204;ADOLFO;SP;94;123;46;0;0;4;4
3556008;URUPES;SP;284;288;158;0;13;12;25
3544806;SALES;SP;94;135;69;0;12;8;20
3553401;TANABI;SP;476;631;328;0;51;43;94
3531407;MONTE APRAZIVEL;SP;395;493;370;0;0;42;42
3539608;PLANALTO;SP;82;138;63;0;19;3;22
3524402;JACAREI;SP;5050;5992;3381;184;455;346;985
3537107;PEDREIRA;SP;1065;1022;488;0;13;40;53
3500501;AGUAS DE LINDOIA;SP;490;560;203;0;12;35;47
3514502;DUARTINA;SP;222;280;134;34;74;37;145
3512209;CONCHAL;SP;717;809;392;0;31;31;62
3529005;MARILIA;SP;5832;5830;2907;242;855;256;1353
3534104;ORIENTE;SP;81;132;68;0;9;9;18
3540002;POMPEIA;SP;456;530;296;241;318;143;702
3516705;GARCA;SP;760;1065;537;0;70;42;112
3532504;NEVES PAULISTA;SP;141;173;86;17;40;13;70
3532801;NOVA ALIANCA;SP;192;158;79;5;11;8;24
3556602;VERA CRUZ;SP;185;239;98;1;27;20;48
3534500;OSCAR BRESSANE;SP;66;49;35;0;7;2;9
3514700;ECHAPORA;SP;139;158;99;8;22;16;46
3532702;NIPOA;SP;67;140;75;0;15;7;22
3525805;JULIO MESQUITA;SP;89;125;67;0;10;4;14
3533700;OCAUCU;SP;126;123;63;11;23;20;54
3540200;PONTAL;SP;915;975;569;4;6;13;23
3525102;JARDINOPOLIS;SP;1135;1152;596;0;50;51;101
3505609;BARRINHA;SP;486;900;473;0;0;4;4
3556800;VIRADOURO;SP;447;485;263;0;0;8;8
3551702;SERTAOZINHO;SP;3015;3224;1839;18;203;210;431
3510203;CAPAO BONITO;SP;881;1408;701;28;126;84;238
3539509;PITANGUEIRAS;SP;719;908;445;0;24;12;36
3501707;AMERICO BRASILIENSE;SP;1156;989;455;7;59;187;253
3554755;TRABIJU;SP;44;36;20;0;0;0;0
3551900;SEVERINIA;SP;284;359;178;0;15;8;23
3513900;DIVINOLANDIA;SP;142;264;155;7;57;42;106
3555109;TUPI PAULISTA;SP;249;274;153;0;17;17;34
3532058;MOTUCA;SP;91;99;44;4;19;9;32
3552007;SILVEIRAS;SP;65;141;89;15;62;47;124
3517406;GUAIRA;SP;832;1000;550;0;0;22;22
3527900;LUTECIA;SP;72;78;39;0;10;4;14
3537156;PEDRINHAS PAULISTA;SP;99;69;33;0;0;7;7
3526209;JUQUITIBA;SP;439;926;513;16;552;268;836
3515103;EMBU-GUACU;SP;1510;2147;1203;0;234;307;541
3547908;SANTO ANTONIO DA ALEGRIA;SP;104;166;75;0;35;15;50
3512704;CORUMBATAI;SP;73;128;75;0;35;31;66
3527603;LUIS ANTONIO;SP;340;338;187;10;16;8;34
3522703;ITAPOLIS;SP;860;953;561;4;57;48;109
3514007;DOBRADA;SP;211;244;123;1;5;37;43
3503703;ARIRANHA;SP;175;195;88;9;13;7;29
3523701;ITIRAPUA;SP;112;187;104;1;19;11;31
3554904;TRES FRONTEIRAS;SP;123;140;74;0;0;3;3
3518859;GUATAPARA;SP;196;186;115;12;26;20;58
3533254;NOVAIS;SP;147;116;65;1;7;6;14
3516408;FRANCO DA ROCHA;SP;3914;4303;2175;0;133;195;328
3506607;BIRITIBA-MIRIM;SP;349;817;424;31;268;122;421
3553807;TAQUARITUBA;SP;760;595;370;1;88;80;169
3517307;GUAIMBE;SP;83;167;102;2;26;25;53
3537602;PERUIBE;SP;1359;1964;1098;0;192;117;309
3530409;MIRASSOLANDIA;SP;139;90;57;0;32;8;40
3511300;CEDRAL;SP;201;184;114;25;70;63;158
3556305;VALPARAISO;SP;571;617;322;0;18;60;78
3518206;GUARARAPES;SP;878;769;396;0;32;62;94
3539301;PIRASSUNUNGA;SP;1371;1626;966;7;277;103;387
3503307;ARARAS;SP;4783;4162;1544;87;249;95;431
3540705;PORTO FERREIRA;SP;998;1316;642;0;269;111;380
3526704;LEME;SP;2733;2328;1341;22;55;82;159
3547502;SANTA RITA DO PASSA QUATRO;SP;497;531;238;0;40;28;68
3524105;ITUVERAVA;SP;892;808;479;11;25;25;61
3504800;BALSAMO;SP;173;184;111;3;19;10;32
3546207;SANTA CRUZ DA CONCEICAO;SP;139;141;50;0;48;17;65
3517604;GUAPIARA;SP;129;467;259;0;203;143;346
3550209;SAO MIGUEL ARCANJO;SP;388;784;530;0;228;184;412
3551108;SARAPUI;SP;242;257;153;0;101;73;174
3503901;ARUJA;SP;1915;2549;1406;0;230;117;347
3546801;SANTA ISABEL;SP;1032;1453;742;45;360;200;605
3518305;GUARAREMA;SP;858;760;440;371;364;151;886
3557303;ESTIVA GERBI;SP;184;256;117;0;41;21;62
3519105;IACANGA;SP;217;263;148;9;36;18;63
3517901;GUARACI;SP;240;253;157;0;28;24;52
3543709;RINCAO;SP;216;234;128;24;24;14;62
3512001;COLINA;SP;435;491;245;0;20;27;47
3526605;LAVRINHAS;SP;0;175;96;0;10;5;15
3506706;BOA ESPERANCA DO SUL;SP;289;311;184;0;0;6;6
3524204;JABORANDI;SP;161;153;83;1;13;11;25
3500907;ALTAIR;SP;98;108;43;14;33;13;60
3548104;SANTO ANTONIO DO JARDIM;SP;78;134;63;13;54;29;96
3512100;COLOMBIA;SP;169;220;117;7;47;24;78
3547106;SANTA MERCEDES;SP;97;77;34;1;2;5;8
3553708;TAQUARITINGA;SP;988;1278;704;63;220;289;572
3525409;JERIQUARA;SP;101;103;57;1;11;4;16
3553658;TAQUARAL;SP;71;64;34;0;0;0;0
3500402;AGUAS DA PRATA;SP;109;150;64;47;103;41;191
3546009;SANTA BRANCA;SP;255;321;177;0;79;29;108
3518503;GUAREI;SP;250;321;193;7;172;101;280
3535804;PARANAPANEMA;SP;463;526;277;0;264;163;427
3535002;PALESTINA;SP;292;246;136;0;31;17;48
3521309;IPUA;SP;400;377;188;0;107;54;161
3515152;ENGENHEIRO COELHO;SP;455;519;328;1;10;4;15
3528106;MACAUBAL;SP;69;149;67;2;11;5;18
3548054;SANTO ANTONIO DO ARACANGUA;SP;238;219;107;13;35;31;79
3501509;ALVINLANDIA;SP;121;83;45;13;9;6;28
3516606;GALIA;SP;110;148;77;0;38;19;57
3555604;UCHOA;SP;215;224;138;3;10;7;20
3544202;RIOLANDIA;SP;219;264;136;6;18;9;33
3532603;NHANDEARA;SP;178;196;119;0;22;15;37
3556107;VALENTIM GENTIL;SP;251;330;154;5;13;14;32
3547007;SANTA MARIA DA SERRA;SP;109;174;76;0;20;12;32
3523800;ITOBI;SP;91;178;89;21;13;13;47
3503158;ARAPEI;SP;21;57;31;6;11;15;32
3507209;BORA;SP;39;22;17;0;6;4;10
3506409;BILAC;SP;201;158;99;1;7;13;21
3525854;JUMIRIM;SP;81;79;44;0;43;27;70
3500758;ALAMBARI;SP;106;142;83;1;47;48;96
3553500;TAPIRAI;SP;215;221;116;81;143;88;312
3503356;ARCO-IRIS;SP;44;57;32;5;6;4;15
3525508;JOANOPOLIS;SP;210;295;167;0;62;47;109
3520608;INDIANA;SP;111;120;46;0;22;13;35
3511706;CHARQUEADA;SP;315;379;193;86;267;118;471
3543238;RIBEIRAO DO INDIOS;SP;62;42;20;0;5;4;9
3542503;REGINOPOLIS;SP;142;134;78;0;0;32;32
3509957;CANAS;SP;102;150;71;0;0;23;23
3532900;NOVA EUROPA;SP;227;258;141;3;3;7;13
3516853;GAVIAO PEIXOTO;SP;199;148;60;0;9;6;15
3544707;SAGRES;SP;51;59;27;0;10;2;12
3519907;IEPE;SP;180;179;109;5;22;15;42
3540101;PONGAI;SP;77;75;46;0;10;10;20
3554706;TORRINHA;SP;168;228;105;0;20;49;69
3514957;EMBAUBA;SP;45;50;28;3;4;1;8
3521150;IPIGUA;SP;107;139;62;13;48;28;89
3510708;CARDOSO;SP;224;251;147;0;0;51;51
3506201;BENTO DE ABREU;SP;53;93;32;0;7;1;8
3554953;TUIUTI;SP;52;159;80;0;82;47;129
3538204;PINHALZINHO;SP;240;437;169;9;109;39;157
3515657;FERNAO;SP;53;45;27;0;0;6;6
3539707;PLATINA;SP;106;83;53;2;8;8;18
3515509;FERNANDOPOLIS;SP;1767;1623;783;0;12;94;106
3531704;MONTEIRO LOBATO;SP;43;121;57;0;7;37;44
3555901;URU;SP;42;30;16;5;4;2;11
3514924;ELISIARIO;SP;71;92;35;5;22;8;35
3542107;RAFARD;SP;137;206;110;17;38;40;95
3534203;ORINDIUVA;SP;151;180;73;0;0;3;3
3519808;ICEM;SP;155;183;65;0;122;27;149
3520202;IGARATA;SP;177;300;189;145;216;124;485
3520806;INUBIA PAULISTA;SP;44;81;49;0;9;6;15
3547205;SANTANA DA PONTE PENSA;SP;44;28;13;4;2;4;10
3520301;IGUAPE;SP;451;666;477;0;72;95;167
3510906;CASSIA DO COQUEIROS;SP;87;66;38;10;18;11;39
3507456;BOREBI;SP;80;132;40;1;1;9;11
3544608;SABINO;SP;100;123;84;0;22;15;37
3555505;UBIRAJARA;SP;79;132;80;0;36;19;55
3536604;PAULO DE FARIA;SP;154;169;97;1;8;6;15
3541109;PRESIDENTE ALVES;SP;64;85;47;0;8;8;16
3515806;FLORA RICA;SP;26;34;13;2;4;4;10
3528908;MARIAPOLIS;SP;55;83;26;0;10;2;12
3552700;TABATINGA;SP;319;355;190;0;0;38;38
3535705;PARAISO;SP;92;149;60;0;6;6;12
3525607;JOAO RAMALHO;SP;115;102;59;3;17;7;27
3541802;QUEIROZ;SP;116;93;61;15;6;9;30
3519204;IACRI;SP;84;137;71;0;27;18;45
3553104;TAIACU;SP;94;129;70;0;58;16;74
3543600;RIFAINA;SP;49;106;37;0;5;9;14
3528502;MAIRIPORA;SP;1441;2340;1312;0;869;459;1328
3508306;CABRALIA PAULISTA;SP;58;109;60;31;81;16;128
3504305;AVAI;SP;31;144;53;0;22;12;34
3549607;SAO JOSE DO BARREIRO;SP;49;106;47;0;17;14;31
3531605;MONTE CASTELO;SP;75;106;49;1;10;4;15
3504404;AVANHANDAVA;SP;332;281;168;29;85;7;121
3509452;CAMPINA DO MONTE ALEGRE;SP;83;154;84;6;28;18;52
3527504;LUCIANOPOLIS;SP;55;38;25;0;10;6;16
3540309;PONTES GESTAL;SP;59;72;39;0;6;6;12
3522802;ITAPORANGA;SP;328;384;242;18;132;87;237
3540804;POTIRENDABA;SP;318;415;193;59;218;65;342
3512902;COSMORAMA;SP;122;157;104;3;17;30;50
3508207;BURITIZAL;SP;115;98;56;4;12;8;24
3543006;RIBEIRAO BRANCO;SP;345;521;255;3;158;75;236
3503406;AREALVA;SP;137;189;79;3;23;17;43
3549300;SAO JOAO DO PAU D´ALHO;SP;54;51;32;0;8;4;12
3523305;ITARIRI;SP;225;394;257;0;100;53;153
3527801;LUPERCIO;SP;128;119;59;3;7;3;13
3514601;DUMONT;SP;214;237;111;0;2;6;8
3530201;MIRANTE DO PARANAPANEMA;SP;348;439;300;35;223;204;462
3502002;ANALANDIA;SP;114;91;53;50;50;41;141
3531209;MONTE ALEGRE DO SUL;SP;117;158;63;55;100;44;199
3531001;MONCOES;SP;79;53;24;2;5;2;9
3536570;PAULISTANIA;SP;52;54;22;5;9;7;21
3504503;AVARE;SP;2397;2322;1057;0;146;100;246
3554805;TREMEMBE;SP;829;1010;522;63;122;52;237
3514205;DOLCINOPOLIS;SP;52;48;24;1;7;1;9
3507506;BOTUCATU;SP;3871;3464;1908;13;117;299;429
3502606;APARECIDA D´OESTE;SP;101;97;44;3;11;7;21
3537305;PENAPOLIS;SP;1951;1398;898;9;18;74;101
3529906;MIRACATU;SP;250;563;321;0;258;118;376
3537909;PILAR DO SUL;SP;653;789;474;49;225;211;485
3557006;VOTORANTIM;SP;2981;3125;1646;1;33;51;85
3537800;PIEDADE;SP;802;1349;709;0;540;291;831
3502903;ARACOIABA DA SERRA;SP;616;847;448;0;563;264;827
3510500;CARAGUATATUBA;SP;3859;3625;1977;0;17;19;36
3538303;PIQUEROBI;SP;59;67;38;0;14;7;21
3541505;PRESIDENTE VENCESLAU;SP;609;789;468;0;37;79;116
3516309;FRANCISCO MORATO;SP;3220;5296;2803;0;557;305;862
3509007;CAIEIRAS;SP;2393;2689;1498;0;81;575;656
3520400;ILHABELA;SP;1043;1006;696;0;309;200;509
3541307;PRESIDENTE EPITACIO;SP;768;932;498;0;232;173;405
3541208;PRESIDENTE BERNARDES;SP;159;263;120;0;183;15;198
3509254;CAJATI;SP;397;935;518;48;303;226;577
3524600;JACUPIRANGA;SP;257;433;262;0;176;78;254
3509908;CANANEIA;SP;191;334;183;0;27;12;39
3526407;LARANJAL PAULISTA;SP;684;697;471;0;45;77;122
3541059;PRATANIA;SP;95;179;79;2;53;26;81
3503604;AREIOPOLIS;SP;159;274;134;0;6;7;13
3512308;CONCHAS;SP;404;341;226;10;37;53;100
3550704;SAO SEBASTIAO;SP;2208;2649;1290;4;813;437;1254
3508504;CACAPAVA;SP;1396;2455;1514;175;648;320;1143
3550001;SAO LUIS DO PARAITINGA;SP;72;237;108;29;155;78;262
3502309;ANHEMBI;SP;144;167;100;2;22;21;45
3540507;PORANGABA;SP;110;198;101;27;141;76;244
3550100;SAO MANUEL;SP;679;954;524;0;23;35;58
3502101;ANDRADINA;SP;1106;1444;942;0;48;209;257
3526506;LAVINIA;SP;60;109;54;4;14;7;25
3533205;NOVA INDEPENDENCIA;SP;123;103;58;0;14;6;20
3517802;GUARACAI;SP;129;178;79;0;16;16;32
3537404;PEREIRA BARRETO;SP;498;709;347;0;43;42;85
3520442;ILHA SOLTEIRA;SP;598;567;294;33;85;52;170
3530102;MIRANDOPOLIS;SP;233;599;354;0;45;84;129
3511003;CASTILHO;SP;378;560;270;0;122;71;193
3547700;SANTO ANASTACIO;SP;388;393;243;0;234;130;364
3514809;ELDORADO;SP;210;444;228;0;126;89;215
3523503;ITATINGA;SP;328;495;276;0;21;23;44
3509106;CAIUA;SP;66;83;37;2;40;18;60
3515129;EMILIANOPOLIS;SP;88;52;24;3;7;2;12
3511607;CESARIO LANGE;SP;426;513;297;0;103;110;213
3505005;BARAO DE ANTONINA;SP;79;84;54;0;21;18;39
3521200;IPORANGA;SP;59;122;61;0;29;18;47
3502705;APIAI;SP;464;704;480;83;129;160;372
3523206;ITARARE;SP;913;1119;608;0;132;85;217
3521705;ITABERA;SP;400;428;267;25;76;80;181
3554607;TIMBURI;SP;66;44;22;14;12;6;32
3522653;ITAPIRAPUA PAULISTA;SP;0;121;62;0;33;12;45
3505351;BARRA DO CHAPEU;SP;76;157;84;0;81;57;138
3522158;ITAOCA;SP;59;108;38;18;32;29;79
3534757;OUROESTE;SP;266;233;130;3;19;13;35
3554201;TEJUPA;SP;126;132;81;0;40;24;64
3543501;RIVERSUL;SP;94;142;76;0;29;16;45
3515400;FARTURA;SP;493;385;226;14;40;65;119
3535606;PARAIBUNA;SP;208;452;254;70;273;184;527
3509205;CAJAMAR;SP;1929;2557;1413;208;701;429;1338
3536208;PARIQUERA-ACU;SP;118;531;299;0;0;0;0
3551801;SETE BARRAS;SP;199;422;227;0;57;62;119
3542305;REDENCAO DA SERRA;SP;0;107;93;0;64;72;136
3515301;ESTRELA DO NORTE;SP;93;76;51;7;11;6;24
3515350;EUCLIDES DA CUNHA PAULISTA;SP;69;230;137;0;47;34;81
3532207;NARANDIBA;SP;206;149;84;0;12;9;21
3553906;TARABAI;SP;123;149;99;2;17;17;36
3544251;ROSANA;SP;325;444;263;7;308;131;446
3554300;TEODORO SAMPAIO;SP;576;631;370;1;197;78;276
3545506;SANDOVALINA;SP;115;115;61;4;16;2;22
3505104;BARBOSA;SP;202;173;91;0;23;11;34
3507704;BRAUNA;SP;155;133;68;0;3;7;10
3553005;TAGUAI;SP;477;379;180;0;28;14;42
3551207;SARUTAIA;SP;117;84;45;5;11;6;22
3528601;MANDURI;SP;144;230;129;0;12;12;24
3516903;GENERAL SALGADO;SP;178;255;125;46;118;36;200
3506508;BIRIGUI;SP;3411;2963;1496;0;94;91;185
3500550;AGUAS DE SANTA BARBARA;SP;156;159;89;0;71;35;106
3511409;CERQUEIRA CESAR;SP;559;540;400;158;97;24;279
3545704;SANTA ALBERTINA;SP;102;145;83;2;17;8;27
3524808;JALES;SP;1192;1060;509;0;50;27;77
3555802;URANIA;SP;157;174;86;2;9;30;41
3544509;RUBINEIA;SP;88;64;37;1;10;12;23
3521804;ITAI;SP;411;686;342;0;100;50;150
3549003;SAO FRANCISCO;SP;55;56;31;1;4;1;6
3547650;SANTA SALETE;SP;46;35;25;10;9;8;27
3513850;DIRCE REIS;SP;37;46;16;0;7;2;9
3547403;SANTA RITA D´OESTE;SP;57;71;25;2;5;5;12
3508108;BURITAMA;SP;281;419;246;0;19;15;34
3503109;ARANDU;SP;85;167;75;4;46;8;58
3535200;PALMEIRA D´OESTE;SP;134;150;70;0;14;12;26
3527256;LOURDES;SP;74;43;25;10;8;4;22
3504206;AURIFLAMA;SP;203;287;156;0;12;17;29
3548609;SAO BENTO DO SAPUCAI;SP;73;233;124;0;166;60;226
3532306;NATIVIDADE DA SERRA;SP;0;173;92;0;64;32;96
3554656;TORRE DE PEDRA;SP;24;71;33;11;28;16;55
3554409;TERRA ROXA;SP;161;181;105;0;0;8;8
3529104;MARINOPOLIS;SP;45;39;25;2;10;4;16
3545308;SALTO DE PIRAPORA;SP;726;1229;538;0;203;80;283
3512506;COROADOS;SP;193;145;67;0;13;7;20
3505401;BARRA DO TURVO;SP;0;181;175;0;34;81;115
3533106;NOVA GUATAPORANGA;SP;44;58;30;0;9;4;13
3541653;QUADRA;SP;44;123;59;0;99;46;145
3506904;BOFETE;SP;155;259;132;0;105;46;151
3532108;MURUTINGA DO SUL;SP;84;77;37;3;18;10;31
3552304;SUD MENNUCCI;SP;112;213;105;0;22;11;33
3524907;JAMBEIRO;SP;111;154;79;43;115;32;190
3556909;VISTA ALEGRE DO ALTO;SP;177;198;94;0;10;6;16
3502408;ANHUMAS;SP;129;104;54;0;17;11;28
3548401;SANTOPOLIS DO AGUAPEI;SP;122;112;59;0;1;2;3
3537503;PEREIRAS;SP;199;205;116;0;33;24;57
3523008;ITAPURA;SP;92;117;69;10;20;6;36
3536109;PARDINHO;SP;119;175;104;0;25;38;63
3503505;AREIAS;SP;41;97;50;3;24;7;34
3546256;SANTA CRUZ DA ESPERANCA;SP;59;68;33;15;12;9;36
3515202;ESTRELA D´OESTE;SP;210;197;96;30;59;28;117
3527702;LUIZIANIA;SP;148;135;62;0;3;3;6
3542800;RIBEIRA;SP;58;93;43;25;48;25;98
3536901;PEDRANOPOLIS;SP;24;61;31;3;30;15;48
3507159;BOM SUCESSO DE ITARARE;SP;114;113;58;10;6;18;34
3512605;CORONEL MACEDO;SP;100;122;53;0;21;10;31
3507407;BORBOREMA;SP;284;321;169;2;20;11;33
3548203;SANTO ANTONIO DO PINHAL;SP;78;235;151;10;137;84;231
3526308;LAGOINHA;SP;56;106;52;15;44;19;78
3501103;ALTO ALEGRE;SP;52;127;43;0;31;21;52
3511904;CLEMENTINA;SP;225;225;106;3;7;11;21
3526100;JUQUIA;SP;186;495;436;0;170;100;270
3519253;IARAS;SP;116;171;81;0;73;56;129
3546603;SANTA FE DO SUL;SP;1020;707;390;1;9;10;20
3507753;BREJO ALEGRE;SP;83;81;44;7;14;7;28
3549201;SAO JOAO DAS DUAS PONTES;SP;51;67;31;3;20;4;27
3518008;GUARANI D´OESTE;SP;44;43;20;2;4;1;7
3503950;ASPASIA;SP;52;43;14;0;5;4;9
3537701;PIACATU;SP;161;137;76;0;8;4;12
3552551;SUZANAPOLIS;SP;89;91;56;14;12;15;41
3528700;MARABA PAULISTA;SP;40;74;58;0;42;25;67
3537206;PEDRO DE TOLEDO;SP;117;287;187;0;134;100;234
3528304;MAGDA;SP;56;71;31;6;14;10;30
3529609;MERIDIANO;SP;142;104;58;4;12;5;21
3556958;VITORIA BRASIL;SP;49;42;24;0;0;0;0
3528205;MACEDONIA;SP;65;81;32;4;25;7;36
3530003;MIRA ESTRELA;SP;81;71;31;0;10;9;19
3540259;PONTALINDA;SP;131;128;43;0;13;9;22
3532843;NOVA CANAA PAULISTA;SP;43;42;22;8;16;3;27
3520426;ILHA COMPRIDA;SP;396;317;192;0;0;23;23
3555307;TURMALINA;SP;27;27;13;0;7;3;10
3540408;POPULINA;SP;88;103;51;0;10;13;23
3535903;PARANAPUA;SP;99;107;34;2;4;2;8
3516507;GABRIEL MONTEIRO;SP;93;85;27;9;6;1;16
3539905;POLONI;SP;103;148;96;0;20;15;35
3555703;UNIAO PAULISTA;SP;28;47;21;0;10;1;11
3557154;ZACARIAS;SP;66;65;43;3;12;6;21
3501400;ALVARO DE CARVALHO;SP;87;88;45;0;11;5;16
3504701;BALBINOS;SP;51;42;16;0;2;0;2
3517505;GUAPIACU;SP;475;475;251;23;53;69;145
3519402;IBIRA;SP;230;279;116;0;17;7;24
3544400;RUBIACEA;SP;106;85;30;0;8;3;11
3518909;GUZOLANDIA;SP;71;118;80;1;16;17;34
3508900;CAIABU;SP;60;106;43;0;17;10;27
3548302;SANTO EXPEDITO;SP;74;50;29;0;18;17;35
3517109;GLICERIO;SP;140;115;60;62;62;28;152
3500808;ALFREDO MARCONDES;SP;106;100;46;0;0;10;10
3510302;CAPELA DO ALTO;SP;337;587;316;0;124;73;197
3501202;ALVARES FLORENCE;SP;91;82;45;0;20;8;28
3508009;BURI;SP;426;576;325;0;49;29;78
3529658;MESOPOLIS;SP;64;58;25;4;5;3;12
3533809;OLEO;SP;62;86;20;1;17;3;21
3534005;ONDA VERDE;SP;89;141;56;0;18;0;18
3539004;PIRANGI;SP;183;281;131;6;9;6;21
3515608;FERNANDO PRESTES;SP;129;123;65;101;81;14;196
3500600;AGUAS DE SAO PEDRO;SP;71;86;56;0;0;0;0
3501806;AMERICO DE CAMPOS;SP;119;121;78;0;16;22;38
3553856;TAQUARIVAI;SP;83;147;94;3;21;29;53
3503000;ARAMINA;SP;141;135;69;16;13;7;36
3515905;FLOREAL;SP;53;60;22;4;10;3;17
3551306;SEBASTIANOPOLIS DO SUL;SP;76;93;41;8;14;5;27
3520707;INDIAPORA;SP;89;84;43;9;19;7;35
3516804;GASTAO VIDIGAL;SP;103;81;46;3;11;11;25
3536257;PARISI;SP;65;65;35;5;9;8;22
3532868;NOVA CASTILHO;SP;46;30;13;3;10;3;16
3555208;TURIUBA;SP;55;34;15;7;4;1;12
3546108;SANTA CLARA D´OESTE;SP;73;49;28;0;0;8;8
3510104;CANDIDO RODRIGUES;SP;40;51;19;0;3;4;7
3533304;NOVA LUZITANIA;SP;64;72;45;3;5;2;10
3549250;SAO JOAO DE IRACEMA;SP;67;38;18;3;3;2;8
3303500;NOVA IGUACU;RJ;2985;15621;11681;118;770;718;1606
3304557;RIO DE JANEIRO;RJ;120931;143183;80625;894;48179;49752;98825
3305802;TERESOPOLIS;RJ;2678;4309;2182;0;686;367;1053
3303203;NILOPOLIS;RJ;1543;3270;1978;5;40;51;96
3300209;ARARUAMA;RJ;1417;3148;1789;71;543;426;1040
3300407;BARRA MANSA;RJ;1220;3433;1445;15;154;51;220
3305109;SAO JOAO DE MERITI;RJ;3252;10276;6327;1;130;151;282
3301009;CAMPOS DOS GOYTACAZES;RJ;10622;11614;6733;684;555;428;1667
3303906;PETROPOLIS;RJ;5734;7022;3933;111;482;381;974
3306008;TRES RIOS;RJ;1759;2295;1187;361;280;107;748
3304524;RIO DAS OSTRAS;RJ;2157;4097;2208;49;150;90;289
3303302;NITEROI;RJ;6712;10484;5822;4;54;14;72
3301702;DUQUE DE CAXIAS;RJ;5427;18478;12705;186;682;569;1437
3302502;MAGE;RJ;3549;6469;4368;34;65;71;170
3304904;SAO GONCALO;RJ;6094;14915;10415;244;1024;1572;2840
3304201;RESENDE;RJ;2654;3058;1616;36;146;89;271
3302205;ITAPERUNA;RJ;1921;2306;1436;38;91;340;469
3305505;SAQUAREMA;RJ;1755;2107;1400;69;346;263;678
3304144;QUEIMADOS;RJ;615;2801;2335;0;338;390;728
3301850;GUAPIMIRIM;RJ;898;1336;760;1;76;95;172
3300605;BOM JESUS DO ITABAPOANA;RJ;697;1217;502;52;230;112;394
3300704;CABO FRIO;RJ;4457;5211;3588;233;454;409;1096
3302858;MESQUITA;RJ;1742;3156;2101;37;42;117;196
3302601;MANGARATIBA;RJ;1096;1177;569;104;186;150;440
3302809;MENDES;RJ;474;441;215;289;279;137;705
3306305;VOLTA REDONDA;RJ;6422;6486;3431;55;27;21;103
3300233;ARMACAO DO BUZIOS;RJ;647;1150;702;0;274;182;456
3304003;PIRAI;RJ;405;922;406;52;338;127;517
3305554;SEROPEDICA;RJ;527;2062;1271;85;301;167;553
3303401;NOVA FRIBURGO;RJ;3789;4188;2473;28;387;291;706
3302403;MACAE;RJ;6791;7440;3807;1284;1590;1015;3889
3300100;ANGRA DO REIS;RJ;1351;4048;2363;10;104;104;218
3300456;BELFORD ROXO;RJ;2952;8331;6630;490;1065;768;2323
3305000;SAO JOAO DA BARRA;RJ;1349;1076;654;91;91;96;278
3301900;ITABORAI;RJ;1745;5389;3407;101;334;328;763
3303609;PARACAMBI;RJ;515;906;499;58;100;70;228
3302270;JAPERI;RJ;432;2025;1510;31;1110;747;1888
3301876;IGUABA GRANDE;RJ;748;744;448;28;165;116;309
3302700;MARICA;RJ;1336;3885;2412;99;339;275;713
3302254;ITATIAIA;RJ;613;899;412;80;459;243;782
3305208;SAO PEDRO DA ALDEIA;RJ;1476;2788;1875;249;457;427;1133
3305307;SAO SEBASTIAO DO ALTO;RJ;241;190;102;58;77;39;174
3303708;PARAIBA DO SUL;RJ;1042;1086;587;24;112;85;221
3302007;ITAGUAI;RJ;2608;3613;1937;0;421;197;618
3303807;PARATI;RJ;505;1217;654;41;173;161;375
3300258;ARRAIAL DO CABO;RJ;927;862;512;110;92;72;274
3305752;TANGUA;RJ;633;905;518;50;172;132;354
3304706;SANTO ANTONIO DE PADUA;RJ;753;927;600;31;61;48;140
3305406;SAPUCAIA;RJ;299;444;247;98;234;136;468
3306156;VARRE-SAI;RJ;157;299;153;76;165;76;317
3304805;SAO FIDELIS;RJ;744;934;545;37;115;79;231
3302908;MIGUEL PEREIRA;RJ;541;590;331;159;262;180;601
3301504;CORDEIRO;RJ;476;581;270;13;25;20;58
3305158;SAO JOSE DO VALE DO RIO PRETO;RJ;171;560;283;135;417;221;773
3306107;VALENCA;RJ;1220;1678;856;14;289;163;466
3300803;CACHOEIRAS DE MACACU;RJ;874;1500;813;24;279;159;462
3301801;ENGENHEIRO PAULO DE FRONTIN;RJ;204;270;157;164;225;131;520
3302106;ITAOCARA;RJ;340;551;223;136;223;112;471
3300506;BOM JARDIM;RJ;424;727;333;157;294;136;587
3301306;CASIMIRO DE ABREU;RJ;1298;1298;790;16;161;203;380
3304151;QUISSAMA;RJ;626;623;323;96;129;86;311
3305133;SAO JOSE DE UBA;RJ;125;186;148;54;150;135;339
3303856;PATY DO ALFERES;RJ;280;736;436;0;456;277;733
3304128;QUATIS;RJ;372;375;146;2;24;6;32
3302056;ITALVA;RJ;270;299;191;185;217;155;557
3301405;CONCEICAO DE MACABU;RJ;566;654;340;86;180;96;362
3301157;CARDOSO MOREIRA;RJ;229;450;226;106;247;139;492
3306206;VASSOURAS;RJ;605;845;438;156;317;175;648
3301603;DUAS BARRAS;RJ;270;280;145;109;212;106;427
3304409;RIO CLARO;RJ;231;323;196;50;193;133;376
3305604;SILVA JARDIM;RJ;524;632;335;63;138;68;269
3304607;SANTA MARIA MADALENA;RJ;229;183;113;132;90;73;295
3304300;RIO BONITO;RJ;1247;1435;893;116;210;158;484
3303104;NATIVIDADE;RJ;377;366;168;101;99;53;253
3303955;PINHEIRAL;RJ;536;679;328;1;36;20;57
3300308;BARRA DO PIRAI;RJ;1517;2144;1330;155;418;265;838
3304508;RIO DAS FLORES;RJ;251;249;107;157;136;60;353
3302452;MACUCO;RJ;251;165;137;107;74;62;243
3304755;SAO FRANCISCO DE ITABAPOANA;RJ;471;1821;816;167;635;295;1097
3304102;PORCIUNCULA;RJ;368;453;245;101;131;51;283
3302304;LAJE DO MURIAE;RJ;116;239;90;4;25;16;45
3305901;TRAJANO DE MORAIS;RJ;168;242;136;74;155;89;318
3300951;COMENDADOR LEVY GASPARIAN;RJ;185;267;112;60;62;28;150
3300902;CAMBUCI;RJ;296;295;153;17;75;34;126
3303005;MIRACEMA;RJ;638;702;387;22;28;28;78
3300225;AREAL;RJ;234;285;173;42;145;96;283
3305703;SUMIDOURO;RJ;106;426;244;39;344;209;592
3301207;CARMO;RJ;368;419;225;138;120;45;303
3300159;APERIBE;RJ;361;225;113;41;58;84;183
3301108;CANTAGALO;RJ;209;429;225;0;198;99;297
3300936;CARAPEBUS;RJ;324;413;200;64;176;85;325
3304110;PORTO REAL;RJ;388;541;200;238;355;158;751
3101607;ALFENAS;MG;1760;1910;984;2;116;66;184
3163805;SAO MIGUEL DO ANTA;MG;42;144;98;32;66;42;140
3129806;IBIRITE;MG;1718;4224;2330;8;340;400;748
3169604;TUPACIGUARA;MG;286;509;291;0;43;33;76
3171303;VICOSA;MG;1905;1746;839;35;161;87;283
3147006;PARACATU;MG;1099;2585;1214;0;274;179;453
3168606;TEOFILO OTONI;MG;1830;3087;1781;15;282;205;502
3162500;SAO JOAO DEL REI;MG;816;1961;1030;25;86;48;159
3102605;ANDRADAS;MG;641;1089;465;4;716;138;858
3119401;CORONEL FABRICIANO;MG;2318;2526;1244;38;212;317;567
3141108;MATOZINHOS;MG;364;1003;529;3;268;85;356
3164704;SAO SEBASTIAO DO PARAISO;MG;1048;1588;856;7;209;74;290
3139508;MANHUMIRIM;MG;206;536;253;58;123;52;233
3130101;IGARAPE;MG;843;1307;689;250;391;239;880
3109006;BRUMADINHO;MG;666;897;492;183;417;361;961
3132404;ITAJUBA;MG;1848;2286;1140;1;324;184;509
3106200;BELO HORIZONTE;MG;49641;51129;29846;2;2;458;462
3118601;CONTAGEM;MG;6316;13443;7632;0;31;135;166
3120904;CURVELO;MG;1053;1970;974;1;139;69;209
3149309;PEDRO LEOPOLDO;MG;1006;1843;842;0;349;77;426
3150208;PIEDADE DE PONTE NOVA;MG;67;96;52;6;9;11;26
3108552;BRASILANDIA DE MINAS;MG;147;469;230;1;102;71;174
3146305;PADRE PARAISO;MG;285;464;253;30;108;55;193
3164605;SAO SEBASTIAO DO OESTE;MG;87;217;118;0;42;33;75
3157807;SANTA LUZIA;MG;1651;4982;2888;0;175;121;296
3167202;SETE LAGOAS;MG;3285;5376;2604;3;588;214;805
3170479;URUANA DE MINAS;MG;61;99;53;3;34;16;53
3147907;PASSOS;MG;1335;2934;1433;10;150;101;261
3125101;EXTREMA;MG;1179;1261;617;0;224;184;408
3140902;MATIPO;MG;163;512;271;0;111;42;153
3106903;BICAS;MG;193;359;192;9;44;39;92
3127701;GOVERNADOR VALADARES;MG;6591;5903;3480;5;128;113;246
3132701;ITAMBACURI;MG;337;587;342;7;141;89;237
3148004;PATOS DE MINAS;MG;2625;3268;1738;28;167;174;369
3151503;PIUMHI;MG;669;853;402;0;162;163;325
3143104;MONTE CARMELO;MG;755;1083;624;0;58;51;109
3169406;TRES PONTAS;MG;1155;1399;678;7;152;128;287
3169356;TRES MARIAS;MG;617;754;379;1;105;62;168
3170701;VARGINHA;MG;2691;3105;1586;10;102;115;227
3149804;PERDIZES;MG;436;459;215;59;190;107;356
3135209;JANUARIA;MG;797;1822;1061;28;268;218;514
3115508;CAXAMBU;MG;403;509;258;0;57;46;103
3151800;POCOS DE CALDAS;MG;4212;3704;1979;32;87;104;223
3133808;ITAUNA;MG;1042;2128;975;0;139;57;196
3170107;UBERABA;MG;6352;7025;4001;109;572;404;1085
3118007;CONGONHAS;MG;510;1414;726;10;130;98;238
3151206;PIRAPORA;MG;934;1450;769;0;57;30;87
3170206;UBERLANDIA;MG;15036;16297;10271;4;401;457;862
3127800;GRAO MOGOL;MG;160;303;207;58;159;75;292
3145604;OLIVEIRA;MG;555;830;437;0;110;43;153
3144300;NANUQUE;MG;345;870;473;0;43;23;66
3109303;BURITIS;MG;305;685;326;15;159;73;247
3133303;ITAOBIM;MG;339;449;284;43;90;46;179
3164308;SAO ROQUE DE MINAS;MG;71;144;88;42;61;24;127
3103504;ARAGUARI;MG;1387;2586;1419;0;145;82;227
3152303;PORTO FIRME;MG;57;160;94;5;18;33;56
3128709;GUAXUPE;MG;963;1135;624;0;51;39;90
3164209;SAO ROMAO;MG;82;197;121;0;8;19;27
3136702;JUIZ DE FORA;MG;8027;11883;6355;1;93;80;174
3169901;UBA;MG;1899;2559;1335;179;406;180;765
3106705;BETIM;MG;7165;10679;5748;0;60;380;440
3117836;CONEGO MARINHO;MG;96;154;95;48;105;57;210
3154606;RIBEIRAO DAS NEVES;MG;3381;7935;4416;0;251;177;428
3133501;ITAPECERICA;MG;68;383;188;25;170;37;232
3141405;MEDINA;MG;164;427;271;1;73;63;137
3161403;SAO FRANCISCO DO GLORIA;MG;66;93;59;14;25;22;61
3118700;COQUEIRAL;MG;99;221;87;0;221;26;247
3152808;PRATA;MG;199;714;403;1;142;78;221
3136009;JOAIMA;MG;207;335;205;8;65;60;133
3143302;MONTES CLAROS;MG;5819;9934;5216;236;758;390;1384
3146503;PAINS;MG;151;145;75;74;59;44;177
3112703;CAPITAO ENEAS;MG;176;421;216;16;59;24;99
3124104;ESMERALDAS;MG;51;1923;1047;0;921;574;1495
3115300;CATAGUASES;MG;1210;1553;826;43;45;26;114
3145901;OURO BRANCO;MG;997;1087;553;19;109;53;181
3112505;CAPIM BRANCO;MG;30;276;152;0;145;70;215
3113206;CARANDAI;MG;236;579;311;158;351;97;606
3118304;CONSELHEIRO LAFAIETE;MG;1417;3025;1601;3;71;40;114
3140506;MARTINHO CAMPOS;MG;331;330;153;0;45;17;62
3127107;FRUTAL;MG;1042;1272;763;1;83;108;192
3138682;LUISLANDIA;MG;90;135;98;5;44;37;86
3110707;CAMBUQUIRA;MG;277;287;118;7;35;14;56
3132206;ITAGUARA;MG;128;325;175;93;264;141;498
3134905;JACUTINGA;MG;525;620;376;7;364;170;541
3134202;ITUIUTABA;MG;1890;2351;1193;19;145;94;258
3141009;MATO VERDE;MG;167;282;424;5;45;94;144
3170404;UNAI;MG;1033;2159;1084;20;319;207;546
3104007;ARAXA;MG;3140;2829;1403;0;81;137;218
3106309;BELO ORIENTE;MG;501;681;374;46;145;121;312
3169703;TURMALINA;MG;435;499;245;2;324;43;369
3101102;AIMORES;MG;329;535;299;2;55;50;107
3138807;LUZ;MG;307;376;197;12;128;18;158
3165404;SAPUCAI-MIRIM;MG;44;159;73;13;84;48;145
3134400;ITURAMA;MG;702;1033;492;2;133;81;216
3100203;ABAETE;MG;365;509;246;0;45;23;68
3126000;FLORESTAL;MG;194;193;101;14;28;32;74
3105608;BARBACENA;MG;1378;2778;1356;110;307;131;548
3111101;CAMPINA VERDE;MG;203;371;190;0;93;37;130
3138906;MACHACALIS;MG;88;180;80;2;39;19;60
3136652;JUATUBA;MG;435;893;433;1;314;160;475
3138203;LAVRAS;MG;1968;2479;1106;6;125;65;196
3121258;DELTA;MG;216;174;119;2;9;5;16
3143401;MONTE SIAO;MG;537;553;319;140;144;193;477
3117009;COMERCINHO;MG;92;148;85;1;80;27;108
3142007;MIRABELA;MG;215;304;135;4;13;12;29
3138401;LEOPOLDINA;MG;819;1183;650;227;276;188;691
3126109;FORMIGA;MG;1025;1386;748;33;111;79;223
3117876;CONFINS;MG;207;172;69;59;93;51;203
3138351;LEME DO PRADO;MG;131;116;57;82;29;14;125
3103405;ARACUAI;MG;356;771;467;0;109;73;182
3148103;PATROCINIO;MG;1774;2493;1219;19;400;229;648
3146107;OURO PRETO;MG;1379;1763;856;82;234;130;446
3143906;MURIAE;MG;1714;2497;1236;46;109;49;204
3168705;TIMOTEO;MG;1501;1828;1009;31;372;134;537
3123601;ELOI MENDES;MG;340;581;349;0;165;56;221
3101003;AGUAS VERMELHAS;MG;135;323;204;51;146;63;260
3125606;FELISBURGO;MG;112;193;91;2;21;16;39
3122306;DIVINOPOLIS;MG;2894;4914;2542;140;421;263;824
3122355;DIVISA ALEGRE;MG;76;189;83;0;7;2;9
3171204;VESPASIANO;MG;977;3084;1634;0;19;334;353
3104205;ARCOS;MG;613;993;456;0;55;34;89
3121308;DESCOBERTO;MG;77;111;55;0;7;3;10
3134707;JACINTO;MG;170;238;128;1;105;46;152
3108305;BORDA DA MATA;MG;283;348;185;10;139;86;235
3170578;VARGEM ALEGRE;MG;57;151;79;57;151;6;214
3110509;CAMANDUCAIA;MG;592;595;316;59;233;118;410
3153400;PRESIDENTE OLEGARIO;MG;261;426;206;5;95;67;167
3164472;SAO SEBASTIAO DO ANTA;MG;64;172;99;0;50;31;81
3168101;TAPIRA;MG;132;102;76;1;35;21;57
3163003;SAO JOSE DA SAFIRA;MG;0;85;69;0;16;26;42
3106655;BERIZAL;MG;60;107;63;11;37;18;66
3112307;CAPELINHA;MG;512;1169;592;12;188;108;308
3154101;RECREIO;MG;130;187;106;3;21;8;32
3131703;ITABIRA;MG;1461;2821;1490;28;713;232;973
3129400;IBERTIOGA;MG;61;116;56;60;116;50;226
3131307;IPATINGA;MG;4322;5951;3366;20;48;68;136
3100906;AGUAS FORMOSAS;MG;338;497;252;4;59;43;106
3108909;BRASOPOLIS;MG;128;325;164;12;155;73;240
3147303;PARAISOPOLIS;MG;93;433;234;0;299;136;435
3110103;CAIANA;MG;70;94;72;13;64;54;131
3162005;SAO GONCALO DO SAPUCAI;MG;444;635;328;14;117;64;195
3111804;CANAPOLIS;MG;184;230;135;0;22;17;39
3152600;POUSO ALTO;MG;65;126;63;28;85;44;157
3157302;SANTA BARBARA DO TUGURIO;MG;26;105;49;26;101;27;154
3131158;IPABA;MG;99;442;254;0;40;12;52
3113404;CARATINGA;MG;1426;2140;1089;16;296;186;498
3171600;VIRGEM DA LAPA;MG;137;237;159;1;71;38;110
3154705;RIBEIRAO VERMELHO;MG;106;96;43;5;7;9;21
3111002;CAMPESTRE;MG;297;432;228;35;235;101;371
3165537;SARZEDO;MG;513;1045;484;0;0;180;180
3117504;CONCEICAO DO MATO DENTRO;MG;305;587;333;0;90;43;133
3158409;SANTANA DE CATAGUASES;MG;46;71;29;1;10;3;14
3160454;SANTO ANTONIO DO RETIRO;MG;53;165;78;14;95;48;157
3150703;PIRAJUBA;MG;129;172;98;45;73;41;159
3112109;CAPARAO;MG;46;131;75;7;73;28;108
3147600;PASSA QUATRO;MG;108;363;187;63;189;43;295
3135050;JAIBA;MG;419;1205;655;3;121;132;256
3125952;FERVEDOURO;MG;68;278;164;49;238;112;399
3133105;ITANHANDU;MG;314;380;188;98;253;44;395
3160603;SANTO HIPOLITO;MG;56;60;32;2;15;7;24
3113305;CARANGOLA;MG;477;741;420;21;120;52;193
3138104;LASSANCE;MG;0;151;92;0;59;22;81
3124203;ESPERA FELIZ;MG;514;798;346;9;195;90;294
3119104;CORINTO;MG;163;572;281;2;56;21;79
3150539;PINGO D AGUA;MG;143;138;67;3;18;3;24
3136520;JOSE GONCALVES DE MINAS;MG;49;126;54;0;41;21;62
3121605;DIAMANTINA;MG;1008;1283;656;29;100;50;179
3122504;DOM CAVATI;MG;0;132;74;0;24;15;39
3141603;MERCES;MG;172;213;116;37;176;89;302
3170057;UBAPORANGA;MG;173;343;138;72;189;64;325
3130903;INHAPIM;MG;174;433;287;162;410;194;766
3116308;CIPOTANEA;MG;0;123;64;0;72;8;80
3167103;SERRO;MG;260;467;253;0;100;47;147
3142502;MONJOLOS;MG;29;47;21;3;11;5;19
3156007;RIO VERMELHO;MG;108;298;177;20;105;84;209
3132503;ITAMARANDIBA;MG;661;843;487;33;135;81;249
3114501;CARMOPOLIS DE MINAS;MG;103;417;194;0;102;63;165
3116605;CLAUDIO;MG;410;742;351;0;156;74;230
3125804;FERNANDES TOURINHO;MG;65;61;32;10;26;6;42
3145208;NOVA SERRANA;MG;1354;2971;1611;15;169;258;442
3105103;BAMBUI;MG;354;501;230;66;201;32;299
3130309;IGUATAMA;MG;43;160;63;24;83;37;144
3100609;AGUA BOA;MG;144;332;180;0;86;52;138
3115706;CENTRAL DE MINAS;MG;51;172;42;9;18;1;28
3137205;LAGOA DA PRATA;MG;721;1062;595;0;17;10;27
3136207;JOAO MONLEVADE;MG;868;1768;914;419;888;458;1765
3126950;FREI LAGONEGRO;MG;32;104;70;11;75;55;141
3166808;SERRA DO SALITRE;MG;309;329;187;2;84;61;147
3170503;URUCANIA;MG;175;258;143;5;130;76;211
3150158;PIEDADE DE CARATINGA;MG;105;295;145;19;101;55;175
3168408;TARUMIRIM;MG;96;330;158;0;90;36;126
3162575;SAO JOAO DO MANTENINHA;MG;47;142;79;2;23;14;39
3107802;BOM JESUS DO GALHO;MG;0;323;171;0;316;64;380
3169000;TOCANTINS;MG;325;376;206;5;61;40;106
3144359;NAQUE;MG;130;210;88;0;10;4;14
3114808;CARVALHOS;MG;1;99;49;0;59;30;89
3123700;ENGENHEIRO CALDAS;MG;142;399;140;7;81;48;136
3112059;CANTAGALO;MG;0;113;64;0;27;22;49
3157500;SANTA EFIGENIA DE MINAS;MG;0;127;67;0;35;13;48
3158201;SANTA MARIA DO SUACUI;MG;232;342;171;113;261;127;501
3125705;FELIXLANDIA;MG;118;294;148;33;71;41;145
3158102;SANTA MARIA DO SALTO;MG;76;101;53;54;50;18;122
3116803;COLUNA;MG;9;214;119;0;133;74;207
3114204;CARMO DO CAJURU;MG;389;567;299;24;301;128;453
3160405;SANTO ANTONIO DO MONTE;MG;497;690;340;0;53;22;75
3156809;SABINOPOLIS;MG;133;406;212;2;98;67;167
3154002;RAUL SOARES;MG;199;510;263;11;250;128;389
3141801;MINAS NOVAS;MG;279;636;334;2;270;102;374
3122603;DOM JOAQUIM;MG;92;144;45;59;79;9;147
3131109;INIMUTABA;MG;71;145;70;52;119;41;212
3143450;MONTEZUMA;MG;87;160;87;49;119;87;255
3105400;BARAO DE COCAIS;MG;413;806;380;78;184;78;340
3118809;CORACAO DE JESUS;MG;371;568;328;46;70;72;188
3140159;MARIO CAMPOS;MG;99;435;205;0;249;150;399
3153905;RAPOSOS;MG;262;376;173;80;156;118;354
3156700;SABARA;MG;1932;3118;1635;353;946;508;1807
3140704;MATEUS LEME;MG;220;924;551;0;351;245;596
3171071;VEREDINHA;MG;126;143;59;1;138;56;195
3171808;VIRGINOPOLIS;MG;146;304;144;51;106;53;210
3137601;LAGOA SANTA;MG;1409;1706;783;4;316;141;461
3165503;SARDOA;MG;57;119;72;42;114;51;207
3132107;ITACARAMBI;MG;417;557;240;20;41;18;79
3162807;SAO JOAO EVANGELISTA;MG;172;392;221;0;181;98;279
3120508;CRISTINA;MG;96;217;134;89;52;43;184
3139300;MANGA;MG;386;563;298;30;72;37;139
3162906;SAO JOAO NEPOMUCENO;MG;574;543;308;1;12;18;31
3106101;BELMIRO BRAGA;MG;0;75;37;0;59;34;93
3130051;ICARAI DE MINAS;MG;105;286;172;8;92;44;144
3161106;SAO FRANCISCO;MG;251;1451;739;9;285;115;409
3164506;SAO SEBASTIAO DO MARANHAO;MG;0;220;128;0;123;74;197
3163508;SAO JOSE DO JACURI;MG;0;130;75;0;90;32;122
3149150;PEDRAS DE MARIA DA CRUZ;MG;134;257;121;1;40;22;63
3140803;MATIAS BARBOSA;MG;128;338;178;74;82;54;210
3140852;MATIAS CARDOSO;MG;178;322;147;15;62;27;104
3103603;ARANTINA;MG;36;69;32;0;8;3;11
3125002;EWBANK DA CAMARA;MG;59;104;46;14;28;15;57
3140530;MARTINS SOARES;MG;59;226;124;4;60;51;115
3144805;NOVA LIMA;MG;2015;2930;1623;254;854;485;1593
3107406;BOM DESPACHO;MG;1188;1159;624;0;36;43;79
3143708;MORRO DO PILAR;MG;0;71;35;0;43;2;45
3152204;PORTEIRINHA;MG;682;868;455;130;323;196;649
3162401;SAO JOAO DA PONTE;MG;295;546;324;57;161;116;334
3129707;IBIRACI;MG;106;313;188;0;64;48;112
3140001;MARIANA;MG;1021;1684;814;14;143;69;226
3131901;ITABIRITO;MG;1076;1460;790;17;217;280;514
3169208;TOMBOS;MG;127;252;93;19;173;16;208
3125903;FERROS;MG;216;145;107;110;98;83;291
3170651;VARGEM GRANDE DO RIO PARDO;MG;51;78;66;0;13;15;28
3121803;DIONISIO;MG;36;140;71;0;7;5;12
3161007;SAO DOMINGOS DO PRATA;MG;219;407;193;12;74;44;130
3117108;CONCEICAO DA APARECIDA;MG;109;243;104;24;137;81;242
3106002;BELA VISTA DE MINAS;MG;127;279;140;97;162;69;328
3101904;ALPINOPOLIS;MG;219;410;221;65;111;41;217
3158003;SANTA MARIA DE ITABIRA;MG;162;304;131;135;246;72;453
3142106;MIRADOURO;MG;0;198;96;0;64;30;94
3152105;PONTE NOVA;MG;1058;1253;677;46;132;72;250
3100401;ACAIACA;MG;73;102;49;65;95;18;178
3171006;VAZANTE;MG;428;500;225;5;56;34;95
3134301;ITUMIRIM;MG;0;160;70;0;22;16;38
3127008;FRONTEIRA;MG;282;357;206;12;28;81;121
3137809;LAMBARI;MG;204;428;244;2;126;82;210
3124005;ERVALIA;MG;190;428;265;23;177;120;320
3140555;MATA VERDE;MG;120;197;93;66;155;31;252
3158953;SANTANA DO PARAISO;MG;300;677;377;44;127;40;211
3151602;PLANURA;MG;159;313;201;3;153;90;246
3137007;LADAINHA;MG;123;346;225;58;224;140;422
3148509;PAVAO;MG;38;147;94;0;37;18;55
3166709;SERRA DO AIMORES;MG;88;172;103;26;83;13;122
3111507;CAMPOS ALTOS;MG;372;369;205;24;41;23;88
3117306;CONCEICAO DAS ALAGOAS;MG;506;802;368;40;135;107;282
3114550;CARNEIRINHO;MG;139;209;134;43;128;74;245
3107109;BOA ESPERANCA;MG;856;1027;517;2;143;95;240
3172004;VISCONDE DO RIO BRANCO;MG;773;1033;532;57;306;86;449
3128105;GUAPE;MG;144;304;169;1;52;59;112
3104601;ASTOLFO DUTRA;MG;132;304;165;71;196;107;374
3155207;RIO ESPERA;MG;31;68;48;14;30;19;63
3120201;CRISTAIS;MG;167;263;165;16;45;71;132
3133402;ITAPAGIPE;MG;218;275;146;0;39;41;80
3170438;UNIAO DE MINAS;MG;48;118;55;0;47;16;63
3130705;INDIANOPOLIS;MG;109;158;100;12;83;24;119
3149200;PEDRINOPOLIS;MG;117;73;29;2;45;21;68
3171105;VERISSIMO;MG;17;97;30;0;24;9;33
3104502;ARINOS;MG;226;468;264;6;87;84;177
3162609;SAO JOAO DO ORIENTE;MG;112;195;94;7;41;37;85
3113008;CARAI;MG;253;419;302;50;136;112;298
3152907;PRATAPOLIS;MG;65;162;92;1;18;10;29
3129509;IBIA;MG;223;563;259;0;73;32;105
3151404;PITANGUI;MG;393;665;309;34;62;28;124
3146008;OURO FINO;MG;405;615;343;114;396;238;748
3104304;AREADO;MG;137;393;162;5;69;30;104
3116159;CHAPADA GAUCHA;MG;185;342;226;2;72;68;142
3155801;RIO POMBA;MG;189;382;200;1;44;30;75
3152402;POTE;MG;85;336;194;16;91;48;155
3150802;PIRANGA;MG;37;349;168;0;304;116;420
3149952;PERIQUITO;MG;304;224;110;24;25;12;61
3100302;ABRE CAMPO;MG;62;259;174;4;78;62;144
3139409;MANHUACU;MG;1396;2451;1291;0;315;174;489
3152006;POMPEU;MG;658;774;416;3;61;36;100
3150307;PIEDADE DO RIO GRANDE;MG;0;92;46;0;63;20;83
3111606;CAMPOS GERAIS;MG;517;654;306;26;155;91;272
3143203;MONTE SANTO DE MINAS;MG;425;482;231;0;90;58;148
3109501;CABO VERDE;MG;153;257;128;1;95;52;148
3148756;PEDRA BONITA;MG;77;200;104;1;121;65;187
3151701;POCO FUNDO;MG;152;318;175;88;186;94;368
3114303;CARMO DO PARANAIBA;MG;366;721;342;2;57;47;106
3159605;SANTA RITA DO SAPUCAI;MG;982;1011;476;0;157;99;256
3107604;BOM JESUS DA PENHA;MG;104;118;66;0;25;17;42
3154903;RIO CASCA;MG;280;378;158;10;59;22;91
3113701;CARLOS CHAGAS;MG;134;408;258;0;55;75;130
3109105;BUENO BRANDAO;MG;0;173;130;0;144;109;253
3109402;BURITIZEIRO;MG;212;601;352;0;25;31;56
3103751;ARAPORA;MG;327;216;119;5;216;86;307
3147105;PARA DE MINAS;MG;2119;2206;1085;68;144;64;276
3104908;BAEPENDI;MG;235;373;173;0;166;55;221
3101706;ALMENARA;MG;469;979;642;13;82;200;295
3138674;LUISBURGO;MG;90;216;88;13;124;64;201
3169307;TRES CORACOES;MG;962;1848;904;0;241;168;409
3112406;CAPETINGA;MG;0;190;79;0;34;21;55
3159803;SANTA VITORIA;MG;338;512;292;0;55;37;92
3124302;ESPINOSA;MG;518;728;416;1;108;70;179
3154507;RIACHO DO MACHADOS;MG;97;227;117;3;80;44;127
3162922;SAO JOAQUIM DE BICAS;MG;314;831;434;44;391;249;684
3114402;CARMO DO RIO CLARO;MG;200;497;222;0;282;72;354
3148707;PEDRA AZUL;MG;484;500;349;25;44;35;104
3151107;PIRAPETINGA;MG;266;289;145;42;108;45;195
3114105;CARMO DE MINAS;MG;124;316;152;32;88;40;160
3117801;CONCEICAO DO OUROS;MG;148;275;164;73;84;43;200
3104700;ATALEIA;MG;63;267;151;4;66;36;106
3153806;QUELUZITO;MG;0;35;17;0;17;5;22
3102209;ALVARENGA;MG;118;115;54;0;52;20;72
3135100;JANAUBA;MG;1581;1826;952;114;205;98;417
3113800;CARMESIA;MG;56;82;37;10;30;10;50
3102852;ANGELANDIA;MG;138;232;121;57;171;85;313
3162948;SAO JOSE DA BARRA;MG;0;181;116;0;55;46;101
3110608;CAMBUI;MG;524;694;336;44;123;69;236
3165206;SAO THOME DAS LETRAS;MG;131;175;72;3;44;21;68
3145109;NOVA RESENDE;MG;220;397;225;19;235;151;405
3171030;VERDELANDIA;MG;177;256;123;44;99;39;182
3125408;FELICIO DO SANTOS;MG;83;142;79;22;72;36;130
3160900;SAO BRAS DO SUACUI;MG;110;93;38;71;80;11;162
3136504;JORDANIA;MG;180;227;135;96;90;36;222
3129301;IAPU;MG;157;244;131;0;77;26;103
3159209;SANTA RITA DE CALDAS;MG;90;142;99;60;56;43;159
3147204;PARAGUACU;MG;328;483;254;29;94;59;182
3128303;GUARANESIA;MG;344;444;264;88;266;112;466
3152709;PRADOS;MG;44;214;98;24;137;36;197
3135704;JEQUITIBA;MG;26;123;62;3;60;30;93
3156908;SACRAMENTO;MG;357;628;279;13;338;127;478
3142601;MONSENHOR PAULO;MG;107;205;116;34;24;24;82
3149903;PERDOES;MG;280;498;242;2;18;14;34
3126703;FRANCISCO SA;MG;258;560;295;17;122;75;214
3162104;SAO GOTARDO;MG;677;1181;622;26;212;68;306
3103702;ARAPONGA;MG;0;203;95;0;115;64;179
3165008;SAO TIAGO;MG;115;268;127;0;22;14;36
3171154;VERMELHO NOVO;MG;49;126;58;3;113;55;171
3139003;MACHADO;MG;837;815;460;183;249;143;575
3100104;ABADIA DO DOURADOS;MG;40;95;76;12;80;69;161
3162955;SAO JOSE DA LAPA;MG;601;688;335;241;458;199;898
3170909;VARZELANDIA;MG;327;520;312;59;132;78;269
3148301;PAULA CANDIDO;MG;89;197;102;32;82;49;163
3161502;SAO GERALDO;MG;168;284;100;9;47;16;72
3144607;NEPOMUCENO;MG;474;654;278;1;106;48;155
3168200;TAPIRAI;MG;12;36;17;1;9;8;18
3116407;CLARAVAL;MG;34;120;63;25;86;53;164
3107307;BOCAIUVA;MG;964;1333;667;9;75;50;134
3111309;CAMPO DO MEIO;MG;153;281;151;0;40;41;81
3165552;SETUBINHA;MG;105;227;187;69;139;46;254
3122009;DIVINO;MG;130;395;264;5;69;75;149
3163706;SAO LOURENCO;MG;956;1042;535;6;237;140;383
3119609;CORONEL PACHECO;MG;0;73;40;0;53;27;80
3158607;SANTANA DO DESERTO;MG;67;96;44;8;35;16;59
3137106;LAGAMAR;MG;110;133;62;41;74;33;148
3138625;LIMEIRA DO OESTE;MG;142;221;136;9;35;72;116
3130002;IBITURUNA;MG;50;62;33;31;60;11;102
3120151;CRISOLITA;MG;87;134;68;1;41;20;62
3127206;FUNILANDIA;MG;102;116;76;76;90;49;215
3145455;OLHOS-D AGUA;MG;86;159;85;0;39;20;59
3160702;SANTOS DUMONT;MG;637;990;515;4;71;42;117
3159902;SANTO ANTONIO DO AMPARO;MG;184;504;233;4;43;22;69
3171402;VIEIRAS;MG;29;92;56;0;44;32;76
3144904;NOVA MODICA;MG;99;91;43;0;25;19;44
3135803;JEQUITINHONHA;MG;321;499;306;11;48;91;150
3127503;GONZAGA;MG;10;172;74;0;46;26;72
3159506;SANTA RITA DO ITUETO;MG;110;137;73;29;67;36;132
3105905;BARROSO;MG;328;509;247;11;45;15;71
3170529;URUCUIA;MG;131;197;140;2;11;32;45
3134509;ITUTINGA;MG;69;101;34;63;93;0;156
3146602;PAIVA;MG;13;35;19;1;32;15;48
3115359;CATAS ALTAS;MG;78;146;58;0;26;10;36
3135308;JAPARAIBA;MG;57;108;63;0;45;16;61
3108701;BRAS PIRES;MG;56;96;42;11;34;23;68
3155702;RIO PIRACICABA;MG;233;365;164;98;141;64;303
3128907;GUIMARANIA;MG;105;220;122;0;83;37;120
3145356;NOVO ORIENTE DE MINAS;MG;110;236;128;2;87;45;134
3106606;BERTOPOLIS;MG;87;166;74;5;17;13;35
3121704;DIOGO DE VASCONCELOS;MG;24;80;47;23;74;39;136
3161650;SAO GERALDO DO BAIXIO;MG;40;74;43;0;10;9;19
3117603;CONCEICAO DO PARA;MG;38;144;72;14;61;34;109
3148608;PECANHA;MG;41;390;198;3;273;91;367
3144706;NOVA ERA;MG;335;479;245;4;81;51;136
3167608;SIMONESIA;MG;67;501;296;1;165;98;264
3126901;FREI INOCENCIO;MG;144;193;116;0;20;10;30
3153004;PRATINHA;MG;74;83;36;2;32;14;48
3123809;ENGENHEIRO NAVARRO;MG;29;146;82;0;21;18;39
3157401;SANTA CRUZ DO ESCALVADO;MG;49;82;29;4;50;20;74
3101805;ALPERCATA;MG;141;160;93;0;15;20;35
3123304;DORES DO TURVO;MG;0;92;68;0;92;68;160
3129657;IBIRACATU;MG;98;130;87;6;17;12;35
3115474;CATUTI;MG;81;119;78;0;40;21;61
3144003;MUTUM;MG;83;595;338;1;299;121;421
3101508;ALEM PARAIBA;MG;631;858;433;0;53;43;96
3161700;SAO GONCALO DO ABAETE;MG;47;131;62;1;23;15;39
3162708;SAO JOAO DO PARAISO;MG;153;501;253;1;111;67;179
3147402;PARAOPEBA;MG;302;580;297;1;71;62;134
3136306;JOAO PINHEIRO;MG;483;1158;613;28;137;69;234
3152501;POUSO ALEGRE;MG;3236;3632;1880;8;205;174;387
3113602;CAREACU;MG;60;173;70;4;94;13;111
3131208;IPANEMA;MG;134;374;235;1;159;70;230
3132909;ITAMOGI;MG;114;266;150;109;155;33;297
3154804;RIO ACIMA;MG;202;246;122;0;17;50;67
3166303;SERICITA;MG;130;162;115;23;53;28;104
3163201;SAO JOSE DO ALEGRE;MG;0;91;57;0;21;16;37
3166402;SERITINGA;MG;9;36;19;0;6;4;10
3168507;TEIXEIRAS;MG;262;272;153;65;156;63;284
3109709;CACHOEIRA DE MINAS;MG;201;268;136;4;36;31;71
3119302;COROMANDEL;MG;393;659;299;26;208;57;291
3119203;COROACI;MG;118;211;114;6;86;63;155
3100708;AGUA COMPRIDA;MG;33;48;29;5;13;8;26
3161304;SAO FRANCISCO DE SALES;MG;67;148;63;0;19;8;27
3102100;ALTO RIO DOCE;MG;72;206;131;10;77;52;139
3100500;ACUCENA;MG;22;199;96;9;104;40;153
3105509;BARAO DE MONTE ALTO;MG;112;127;70;1;27;16;44
3135407;JECEABA;MG;125;126;70;0;70;61;131
3170800;VARZEA DA PALMA;MG;434;846;427;56;63;47;166
3139607;MANTENA;MG;373;660;362;0;130;88;218
3131802;ITABIRINHA DE MANTENA;MG;127;230;150;3;44;18;65
3165602;SENADOR CORTES;MG;89;59;34;22;38;14;74
3146255;PADRE CARVALHO;MG;0;127;87;0;9;3;12
3115805;CENTRALINA;MG;178;196;114;0;4;2;6
3120706;CRUZEIRO DA FORTALEZA;MG;105;154;65;0;32;10;42
3107901;BOM REPOUSO;MG;120;275;148;0;234;141;375
3170602;VARGEM BONITA;MG;36;67;28;2;17;13;32
3162450;SAO JOAO DAS MISSOES;MG;110;447;269;6;84;61;151
3122108;DIVINO DAS LARANJEIRAS;MG;88;105;70;40;46;30;116
3139805;MAR DE ESPANHA;MG;150;298;169;66;125;15;206
3139706;MARAVILHAS;MG;102;176;73;0;51;19;70
3130507;ILICINEA;MG;185;289;136;2;182;123;307
3169109;TOLEDO;MG;164;164;96;18;90;66;174
3102704;CACHOEIRA DE PAJEU;MG;0;189;118;0;136;82;218
3138609;LIMA DUARTE;MG;195;426;215;0;116;58;174
3157005;SALINAS;MG;506;934;506;2;42;51;95
3112653;CAPITAO ANDRADE;MG;188;130;60;4;33;23;60
3112802;CAPITOLIO;MG;147;210;86;7;92;39;138
3165701;SENADOR FIRMINO;MG;0;182;101;0;145;70;215
3119500;CORONEL MURTA;MG;149;186;93;16;128;45;189
3166105;SENHORA DO PORTO;MG;36;78;42;18;49;33;100
3131604;IRAI DE MINAS;MG;163;230;94;1;53;50;104
3118908;CORDISBURGO;MG;0;139;91;0;15;19;34
3165305;SAO VICENTE DE MINAS;MG;111;155;76;86;26;16;128
3105301;BANDEIRA DO SUL;MG;131;222;87;7;97;16;120
3162658;SAO JOAO DO PACUI;MG;79;100;50;14;35;20;69
3108206;BONFINOPOLIS DE MINAS;MG;101;134;74;1;30;17;48
3133907;ITAVERAVA;MG;29;127;48;22;86;23;131
3157658;SANTA HELENA DE MINAS;MG;0;194;100;0;28;10;38
3145307;NOVO CRUZEIRO;MG;268;651;418;27;221;200;448
3165107;SAO TOMAS DE AQUINO;MG;136;138;117;0;21;22;43
3123908;ENTRE RIOS DE MINAS;MG;146;317;166;3;103;44;150
3127909;GRUPIARA;MG;21;24;11;2;5;4;11
3161205;SAO FRANCISCO DE PAULA;MG;113;149;62;4;41;18;63
3104452;ARICANDUVA;MG;62;122;70;14;95;47;156
3121407;DESTERRO DE ENTRE RIOS;MG;0;157;81;0;92;33;125
3130556;IMBE DE MINAS;MG;25;150;106;23;50;41;114
3127602;GOUVEIA;MG;248;198;143;17;79;73;169
3143153;MONTE FORMOSO;MG;32;93;59;4;52;30;86
3168002;TAIOBEIRAS;MG;536;801;418;12;79;100;191
3166204;SENHORA DO REMEDIOS;MG;0;162;102;0;127;44;171
3102902;ANTONIO CARLOS;MG;86;212;117;12;92;27;131
3112208;CAPELA NOVA;MG;0;70;49;0;34;22;56
3103009;ANTONIO DIAS;MG;0;214;107;0;100;57;157
3137908;LAMIM;MG;0;85;42;0;52;26;78
3133204;ITANHOMI;MG;202;296;184;3;63;51;117
3140100;MARILAC;MG;170;152;56;22;27;17;66
3141504;MENDES PIMENTEL;MG;32;116;75;5;47;35;87
3102803;ANDRELANDIA;MG;57;232;126;41;182;65;288
3121001;DATAS;MG;120;173;79;2;29;17;48
3160009;SANTO ANTONIO DO AVENTUREIRO;MG;22;89;41;17;56;27;100
3120607;CRUCILANDIA;MG;49;125;69;44;117;57;218
3146909;PAPAGAIOS;MG;204;354;178;1;44;52;97
3113503;CARBONITA;MG;199;216;110;53;84;65;202
3113909;CARMO DA CACHOEIRA;MG;178;386;140;11;105;43;159
3147709;PASSA TEMPO;MG;14;165;89;0;33;17;50
3108255;BONITO DE MINAS;MG;56;162;123;5;40;37;82
3153608;PRUDENTE DE MORAIS;MG;246;328;153;60;75;7;142
3107703;BOM JESUS DO AMPARO;MG;108;190;83;0;96;48;144
3142403;MOEMA;MG;57;174;83;0;31;33;64
3136959;JUVENILIA;MG;62;148;83;0;7;11;18
3142254;MIRAVANIA;MG;123;104;60;34;35;25;94
3135456;JENIPAPO DE MINAS;MG;94;164;90;1;49;21;71
3142700;MONTALVANIA;MG;150;325;238;2;57;70;129
3151008;PIRANGUINHO;MG;123;231;115;0;75;41;116
3161056;SAO FELIX DE MINAS;MG;102;96;44;39;49;18;106
3157906;SANTA MARGARIDA;MG;210;456;227;3;163;108;274
3144409;NATERCIA;MG;94;77;46;86;73;36;195
3127339;GAMELEIRAS;MG;93;136;68;24;59;27;110
3142908;MONTE AZUL;MG;140;493;241;37;301;56;394
3114709;CARVALHOPOLIS;MG;75;93;36;21;26;9;56
3122207;DIVINOLANDIA DE MINAS;MG;89;202;103;0;89;59;148
3124708;ESTRELA DO INDAIA;MG;46;48;22;0;8;3;11
3108008;BOM SUCESSO;MG;198;320;194;2;49;36;87
3102506;AMPARO DO SERRA;MG;0;124;54;0;45;18;63
3168804;TIRADENTES;MG;159;163;75;0;27;15;42
3135506;JEQUERI;MG;234;236;164;12;171;110;293
3102308;ALVINOPOLIS;MG;240;295;170;16;68;37;121
3144102;MUZAMBINHO;MG;283;490;264;4;184;111;299
3102001;ALTEROSA;MG;155;311;149;70;242;102;414
3105004;BALDIM;MG;57;193;100;7;41;26;74
3136900;JURUAIA;MG;149;270;138;11;95;49;155
3109907;CAETANOPOLIS;MG;70;274;130;0;191;50;241
3128204;GUARACIABA;MG;91;165;85;16;90;37;143
3163904;SAO PEDRO DA UNIAO;MG;95;120;65;0;42;48;90
3115102;CASSIA;MG;383;406;198;1;71;39;111
3158904;SANTANA DO MANHUACU;MG;53;219;118;0;83;33;116
3138708;LUMINARIAS;MG;77;117;58;51;62;16;129
3163409;SAO JOSE DO GOIABAL;MG;83;113;74;40;73;33;146
3145000;NOVA PONTE;MG;249;384;218;0;8;13;21
3152170;PONTO DO VOLANTES;MG;148;269;182;118;213;181;512
3129004;GUIRICEMA;MG;0;163;85;0;137;65;202
3151305;PIRAUBA;MG;95;287;129;58;71;18;147
3128402;GUARANI;MG;111;222;106;2;49;20;71
3146206;OURO VERDE DE MINAS;MG;37;104;90;0;23;15;38
3121209;DELFINOPOLIS;MG;110;185;89;0;59;36;95
3122454;DIVISOPOLIS;MG;71;144;108;42;126;18;186
3157377;SANTA CRUZ DE SALINAS;MG;42;85;71;6;26;32;64
3136603;NOVA UNIAO;MG;0;143;86;0;45;29;74
3148400;PAULISTAS;MG;40;125;62;0;43;42;85
3171501;MATHIAS LOBATO;MG;93;93;63;74;28;7;109
3133758;ITAU DE MINAS;MG;208;363;158;21;54;37;112
3157203;SANTA BARBARA;MG;269;825;367;0;146;58;204
3125309;FARIA LEMOS;MG;64;88;38;9;29;12;50
3145877;ORIZANIA;MG;64;224;118;11;113;83;207
3127370;GOIABEIRA;MG;78;85;51;4;9;4;17
3128006;GUANHAES;MG;429;840;466;1;401;168;570
3109204;BUENOPOLIS;MG;79;289;129;36;226;29;291
3120805;CRUZILIA;MG;221;351;172;1;22;14;37
3122900;DONA EUSEBIA;MG;65;147;63;28;75;35;138
3111408;CAMPO FLORIDO;MG;225;227;83;68;67;21;156
3165909;SENADOR MODESTINO GONCALVES;MG;46;93;47;1;52;47;100
3138658;LONTRA;MG;192;219;125;33;76;72;181
3128253;GUARACIAMA;MG;78;138;74;8;44;21;73
3108602;BRASILIA DE MINAS;MG;402;758;424;243;462;93;798
3154200;RESENDE COSTA;MG;43;287;122;43;275;120;438
3118403;CONSELHEIRO PENA;MG;316;554;281;0;55;43;98
3120300;CRISTALIA;MG;40;154;96;7;39;40;86
3135605;JEQUITAI;MG;81;180;98;0;32;24;56
3135001;JAGUARACU;MG;58;69;40;3;13;4;20
3137304;LAGOA DO PATOS;MG;63;97;42;1;15;7;23
3111705;CANAA;MG;30;118;55;30;118;29;177
3162203;SAO JOAO BATISTA DO GLORIA;MG;119;168;92;71;56;17;144
3129608;IBIAI;MG;142;218;97;72;128;16;216
3121902;DIVINESIA;MG;97;121;48;61;85;35;181
3127388;GOIANA;MG;0;120;42;0;39;23;62
3110202;CAJURI;MG;42;77;46;27;48;30;105
3166501;SERRA AZUL DE MINAS;MG;36;93;65;2;29;28;59
3160801;SAO BENTO ABADE;MG;131;146;63;6;15;5;26
3157104;SALTO DA DIVISA;MG;158;153;93;0;86;11;97
3139250;MAMONAS;MG;101;85;57;0;22;23;45
3111200;CAMPO BELO;MG;771;1148;617;0;26;21;47
3161809;SAO GONCALO DO PARA;MG;192;283;148;138;165;90;393
3108404;BOTELHOS;MG;204;371;187;46;182;81;309
3146552;PAI PEDRO;MG;132;166;71;38;101;42;181
3110905;CAMPANHA;MG;362;386;236;22;79;46;147
3133709;ITATIAIUCU;MG;102;462;188;0;153;89;242
3110004;CAETE;MG;368;1120;507;31;272;80;383
3124500;ESTIVA;MG;164;235;129;29;93;44;166
3131000;INHAUMA;MG;90;154;67;71;130;21;222
3158300;SANTANA DA VARGEM;MG;64;175;84;5;31;21;57
3123528;DURANDE;MG;39;173;110;1;71;55;127
3155603;RIO PARDO DE MINAS;MG;315;653;354;1;302;168;471
3163102;SAO JOSE DA VARGINHA;MG;86;103;54;20;41;30;91
3163607;SAO JOSE DO MANTIMENTO;MG;32;87;44;1;47;26;74
3127057;FRONTEIRA DO VALES;MG;0;120;66;0;14;9;23
3112901;CAPUTIRA;MG;100;199;136;0;57;32;89
3151909;POCRANE;MG;52;191;104;52;144;25;221
3111903;CANA VERDE;MG;44;124;55;7;24;13;44
3168309;TAQUARACU DE MINAS;MG;71;111;58;29;70;35;134
3131505;IPUIUNA;MG;180;196;135;6;52;55;113
3166956;SERRANOPOLIS DE MINAS;MG;51;110;57;2;59;41;102
3117900;CONGONHAL;MG;154;250;111;5;61;36;102
3170008;UBAI;MG;230;283;142;15;37;39;91
3119955;CORREGO FUNDO;MG;59;124;62;12;87;43;142
3166907;SERRANIA;MG;167;172;102;0;22;10;32
3126208;FORMOSO;MG;57;216;139;0;67;47;114
3103306;ARACITABA;MG;0;37;18;0;5;2;7
3140308;MARLIERIA;MG;96;119;48;17;31;8;56
3155504;RIO PARANAIBA;MG;173;359;217;40;115;76;231
3120409;CRISTIANO OTONI;MG;0;142;72;0;111;36;147
3157708;SANTA JULIANA;MG;125;371;165;97;216;61;374
3114907;CASA GRANDE;MG;0;41;14;0;7;5;12
3123858;ENTRE FOLHAS;MG;87;110;78;0;22;13;35
3119906;CORREGO DO BOM JESUS;MG;27;89;28;15;49;17;81
3138500;LIBERDADE;MG;0;98;55;0;22;16;38
3158805;SANTANA DO JACARE;MG;88;87;32;3;11;0;14
3136801;JURAMENTO;MG;64;95;46;12;19;6;37
3137502;LAGOA FORMOSA;MG;343;401;207;0;55;32;87
3159407;SANTA RITA DE IBITIPOCA;MG;0;91;35;0;27;11;38
3112000;CANDEIAS;MG;91;297;147;5;75;65;145
3170305;UMBURATIBA;MG;0;74;39;0;13;9;22
3141207;MATUTINA;MG;54;87;49;41;75;19;135
3140605;MATERLANDIA;MG;43;97;66;0;73;52;125
3126505;FRANCISCO BADARO;MG;40;154;71;32;122;44;198
3142304;MOEDA;MG;0;117;74;0;89;55;144
3147956;PATIS;MG;120;113;77;4;31;13;48
3140209;MARIPA DE MINAS;MG;41;75;37;33;57;33;123
3117207;CONCEICAO DAS PEDRAS;MG;23;70;31;9;48;19;76
3156601;RUBIM;MG;146;244;108;0;32;28;60
3166006;SENHORA DE OLIVEIRA;MG;68;133;69;32;119;67;218
3106507;BERILO;MG;107;206;109;85;157;78;320
3102050;ALTO CAPARAO;MG;81;139;105;0;18;21;39
3103900;ARAUJOS;MG;161;271;105;7;117;17;141
3144201;NACIP RAYDAN;MG;0;69;37;0;21;10;31
3146750;PALMOPOLIS;MG;0;131;75;0;91;63;154
3112604;CAPINOPOLIS;MG;210;310;141;95;225;11;331
3123205;DORES DO INDAIA;MG;137;237;115;0;21;17;38
3144656;NINHEIRA;MG;119;241;124;22;95;78;195
3115458;CATUJI;MG;53;253;141;18;144;80;242
3136553;JOSE RAYDAN;MG;60;110;69;34;99;61;194
3136108;JOANESIA;MG;0;99;52;0;52;26;78
3154150;REDUTO;MG;99;181;118;12;57;62;131
3138302;LEANDRO FERREIRA;MG;43;83;42;6;20;10;36
3143500;MORADA NOVA DE MINAS;MG;205;213;100;7;24;12;43
3150000;PESCADOR;MG;0;101;65;0;40;27;67
3149101;PEDRALVA;MG;18;245;115;3;220;97;320
3162559;SAO JOAO DO MANHUACU;MG;186;299;215;35;139;95;269
3150570;PINTOPOLIS;MG;68;201;88;2;98;39;139
3145802;ONCA DE PITANGUI;MG;35;57;39;26;40;21;87
3160306;SANTO ANTONIO DO JACINTO;MG;146;274;139;140;249;125;514
3115409;CATAS ALTAS DA NORUEGA;MG;24;66;47;7;28;22;57
3137700;LAJINHA;MG;215;567;334;90;488;182;760
3139201;MALACACHETA;MG;235;445;210;11;103;67;181
3128600;GUARDA-MOR;MG;102;210;110;0;59;38;97
3132800;ITAMBE DO MATO DENTRO;MG;0;33;21;0;33;6;39
3165578;SENADOR AMARAL;MG;133;197;99;39;72;41;152
3133600;ITAPEVA;MG;102;269;160;4;105;93;202
3118502;CONSOLACAO;MG;27;40;24;16;27;13;56
3139904;MARIA DA FE;MG;212;367;160;56;107;55;218
3156502;RUBELITA;MG;176;130;67;107;59;32;198
3116100;CHAPADA DO NORTE;MG;186;246;133;97;168;81;346
3153509;ALTO JEQUITIBA;MG;0;167;94;0;132;53;185
3157609;SANTA FE DE MINAS;MG;39;105;53;9;28;20;57
3142205;MIRAI;MG;121;228;147;67;108;76;251
3162252;SAO JOAO DA LAGOA;MG;36;121;47;0;36;14;50
3134004;ITINGA;MG;34;317;198;0;74;41;115
3154457;RIACHINHO;MG;105;152;107;2;49;20;71
3104809;AUGUSTO DE LIMA;MG;46;111;57;35;100;45;180
3126604;FRANCISCO DUMONT;MG;61;120;59;2;17;16;35
3142809;MONTE ALEGRE DE MINAS;MG;310;387;277;0;43;60;103
3126802;FREI GASPAR;MG;22;137;58;0;32;16;48
3167301;SILVEIRANIA;MG;0;52;22;0;15;12;27
3114006;CARMO DA MATA;MG;130;214;120;4;42;78;124
3159357;SANTA RITA DE MINAS;MG;71;179;101;3;44;28;75
3154309;RESPLENDOR;MG;116;392;207;0;55;35;90
3133006;ITAMONTE;MG;154;330;188;3;188;112;303
3118205;CONQUISTA;MG;77;162;71;64;48;5;117
3134608;JABOTICATUBAS;MG;54;437;212;0;238;127;365
3130200;IGARATINGA;MG;103;283;135;9;18;18;45
3102407;ALVORADA DE MINAS;MG;37;117;66;20;82;20;122
3148202;PATROCINIO DO MURIAE;MG;64;132;61;10;20;11;41
3160108;SANTO ANTONIO DO GRAMA;MG;78;117;59;0;14;3;17
3130408;IJACI;MG;102;152;73;29;35;18;82
3164100;SAO PEDRO DO SUACUI;MG;96;130;68;75;53;34;162
3129202;HELIODORA;MG;107;134;70;15;34;26;75
3129905;IBITIURA DE MINAS;MG;39;71;34;10;27;16;53
3155405;RIO NOVO;MG;116;185;99;3;15;9;27
3108107;BONFIM;MG;27;105;63;11;95;60;166
3123007;DORES DE CAMPOS;MG;163;197;111;1;82;99;182
3132602;ITAMARATI DE MINAS;MG;40;133;53;0;28;15;43
3150406;PIEDADE DO GERAIS;MG;0;104;81;0;80;77;157
3135076;JAMPRUCA;MG;54;122;82;9;39;42;90
3145851;ORATORIOS;MG;127;119;65;8;26;19;53
3155900;RIO PRETO;MG;0;76;52;0;52;34;86
3163300;SAO JOSE DO DIVINO;MG;120;109;53;0;19;10;29
3123106;DORES DE GUANHAES;MG;73;161;70;37;115;52;204
3145059;NOVA PORTEIRINHA;MG;134;194;74;5;45;25;75
3139102;MADRE DE DEUS DE MINAS;MG;0;112;63;0;101;48;149
3157252;SANTA BARBARA DO LESTE;MG;74;205;87;27;147;35;209
3132008;ITACAMBIRA;MG;44;90;57;5;51;31;87
3111150;CAMPO AZUL;MG;76;94;55;11;38;27;76
3122470;DOM BOSCO;MG;39;87;43;1;17;8;26
3145372;NOVORIZONTE;MG;88;102;64;0;0;8;8
3143609;MORRO DA GARCA;MG;39;62;33;35;45;14;94
3148905;PEDRA DO INDAIA;MG;47;84;52;36;27;13;76
3117702;CONCEICAO DO RIO VERDE;MG;221;296;166;20;46;43;109
3126406;FORTUNA DE MINAS;MG;90;107;32;8;17;9;34
3121506;DESTERRO DO MELO;MG;27;67;38;21;57;23;101
3103207;ARACAI;MG;27;52;25;6;12;12;30
3130606;INCONFIDENTES;MG;94;122;85;31;83;55;169
3160959;SAO DOMINGOS DAS DORES;MG;168;163;78;0;88;43;131
3101631;ALFREDO VASCONCELOS;MG;0;192;78;0;172;72;244
3134103;ITUETA;MG;88;147;60;0;43;22;65
3155108;RIO DO PRADO;MG;32;119;67;3;36;26;65
3132305;ITAIPE;MG;144;298;189;0;135;113;248
3171907;VIRGOLANDIA;MG;45;120;60;8;41;27;76
3127305;GALILEIA;MG;131;167;101;0;17;19;36
3150901;PIRANGUCU;MG;33;122;82;11;92;65;168
3135357;JAPONVAR;MG;107;206;108;29;83;49;161
3124807;ESTRELA DO SUL;MG;127;173;85;29;78;33;140
3159001;SANTANA DO RIACHO;MG;28;122;74;17;82;50;149
3136579;JOSENOPOLIS;MG;57;86;51;2;5;9;16
3150505;PIMENTA;MG;82;196;98;2;107;53;162
3137536;LAGOA GRANDE;MG;152;209;112;0;53;14;67
3148806;PEDRA DO ANTA;MG;26;78;33;26;78;33;137
3114600;CARRANCAS;MG;29;106;48;21;93;19;133
3159308;SANTA RITA DE JACUTINGA;MG;40;101;50;0;25;13;38
3143005;MONTE BELO;MG;181;228;146;15;114;54;183
3156304;RODEIRO;MG;88;226;122;31;103;53;187
3149705;PERDIGAO;MG;282;315;181;1;56;46;103
3160207;SANTO ANTONIO DO ITAMBE;MG;34;87;57;34;87;55;176
3134806;JACUI;MG;69;160;109;3;94;72;169
3115904;CHACARA;MG;47;71;42;12;27;0;39
3130804;INGAI;MG;25;68;29;12;29;9;50
3165560;SEM PEIXE;MG;19;42;32;19;42;25;86
3168903;TIROS;MG;135;137;87;82;63;42;187
3120870;CURRAL DE DENTRO;MG;37;229;113;0;28;12;40
3145505;OLIMPIO NORONHA;MG;0;67;32;0;26;16;42
3150604;PIRACEMA;MG;56;138;56;14;71;25;110
3126752;FRANCISCOPOLIS;MG;38;107;69;1;37;29;67
3157278;SANTA BARBARA DO MONTE VERDE;MG;40;82;42;1;23;14;38
3145703;OLIVEIRA FORTES;MG;10;39;15;4;15;5;24
3116506;CLARO DO POCOES;MG;97;184;81;6;41;15;62
3155009;RIO DOCE;MG;40;57;33;11;21;17;49
3109451;CABECEIRA GRANDE;MG;162;187;98;11;25;12;48
3106408;BELO VALE;MG;54;199;91;38;138;53;229
3107505;BOM JARDIM DE MINAS;MG;49;162;81;28;101;8;137
3161908;SAO GONCALO DO RIO ABAIXO;MG;218;343;193;206;297;163;666
3116704;COIMBRA;MG;149;161;81;18;76;41;135
3129103;GURINHATA;MG;54;112;46;23;59;25;107
3152131;PONTO CHIQUE;MG;123;106;58;0;21;6;27
3154408;RESSAQUINHA;MG;45;104;55;15;37;12;64
3153301;PRESIDENTE KUBITSCHEK;MG;87;87;54;2;22;10;34
3144508;NAZARENO;MG;109;179;101;0;45;24;69
3135902;JESUANIA;MG;0;107;60;0;76;48;124
3153103;PRESIDENTE BERNARDES;MG;37;98;54;0;40;18;58
3110301;CALDAS;MG;137;281;133;52;243;111;406
3115607;CEDRO DO ABAETE;MG;22;31;9;2;7;1;10
3169505;TUMIRITINGA;MG;105;154;94;24;40;22;86
3116001;CHALE;MG;48;112;85;0;63;36;99
3104403;ARGIRITA;MG;63;62;34;59;60;7;126
3122801;DOM VICOSO;MG;0;61;41;0;16;16;32
3109253;BUGRE;MG;0;69;48;0;29;13;42
3156205;ROCHEDO DE MINAS;MG;40;57;36;15;21;12;48
3122405;DIVISA NOVA;MG;62;189;79;0;97;23;120
3149606;PEQUI;MG;71;103;49;10;26;6;42
3146701;PALMA;MG;93;105;71;33;42;24;99
3108503;BOTUMIRIM;MG;57;186;105;10;81;21;112
3137403;LAGOA DOURADA;MG;136;315;156;81;195;90;366
3124906;EUGENOPOLIS;MG;53;307;131;0;46;27;73
3159704;SANTA ROSA DA SERRA;MG;105;75;51;17;34;22;73
3153202;PRESIDENTE JUSCELINO;MG;45;88;45;11;72;40;123
3167707;SOBRALIA;MG;115;127;72;7;14;9;30
3109600;CACHOEIRA DA PRATA;MG;83;84;28;58;69;21;148
3101409;ALBERTINA;MG;46;66;44;7;22;13;42
3131406;IPIACU;MG;74;71;41;0;2;2;4
3121100;DELFIM MOREIRA;MG;0;178;88;0;109;63;172
3156106;RITAPOLIS;MG;0;79;41;0;36;19;55
3164001;SAO PEDRO DO FERROS;MG;59;149;37;1;19;11;31
3125200;FAMA;MG;29;56;24;20;30;11;61
3118106;CONGONHAS DO NORTE;MG;0;111;53;0;24;22;46
3127073;FRUTA DE LEITE;MG;52;71;78;3;5;26;34
3141702;MESQUITA;MG;72;136;72;0;29;12;41
3120839;CUPARAQUE;MG;66;126;60;0;51;15;66
3144672;NOVA BELEM;MG;143;91;57;2;33;37;72
3171709;VIRGINIA;MG;83;181;91;0;64;28;92
3124401;ESPIRITO SANTO DO DOURADO;MG;95;165;76;0;76;46;122
3169802;TURVOLANDIA;MG;120;138;68;54;92;41;187
3170750;VARJAO DE MINAS;MG;69;214;108;0;73;39;112
3127354;GLAUCILANDIA;MG;11;81;37;1;16;13;30
3164407;SAO SEBASTIAO DA BELA VISTA;MG;110;166;80;0;59;27;86
3168051;TAPARUBA;MG;0;80;54;0;19;10;29
3157336;SANTA CRUZ DE MINAS;MG;32;131;51;0;0;7;7
3165800;SENADOR JOSE BENTO;MG;25;27;15;12;16;12;40
3164902;SAO SEBASTIAO DO RIO VERDE;MG;22;48;24;9;30;20;59
3164431;SAO SEBASTIAO DA VARGEM ALEGRE;MG;57;76;51;37;67;40;144
3141900;MINDURI;MG;26;87;49;25;80;35;140
3115201;CONCEICAO DA BARRA DE MINAS;MG;32;66;35;2;16;10;28
3167509;SIMAO PEREIRA;MG;36;55;31;11;26;15;52
3100807;AGUANIL;MG;85;159;56;1;55;5;61
3103108;ANTONIO PRADO DE MINAS;MG;20;33;19;8;15;9;32
3167400;SILVIANOPOLIS;MG;105;123;50;4;40;21;65
3128501;GUARARA;MG;34;90;57;31;81;39;151
3143807;MUNHOZ;MG;63;160;92;0;47;27;74
3119005;CORDISLANDIA;MG;62;68;55;0;9;5;14
3128808;GUIDOVAL;MG;81;183;71;66;170;59;295
3162302;SAO JOAO DA MATA;MG;0;49;35;0;32;20;52
3108800;BRAUNAS;MG;0;116;63;0;33;24;57
3122702;DOM SILVERIO;MG;72;93;49;6;14;11;31
3138005;LARANJAL;MG;68;125;61;10;35;15;60
3159100;SANTANA DO MONTES;MG;32;85;34;19;58;24;101
3146404;PAINEIRAS;MG;60;76;48;1;19;12;32
3101300;ALAGOA;MG;0;55;23;0;37;13;50
3120003;CORREGO NOVO;MG;73;80;38;6;16;10;32
3130655;INDAIABIRA;MG;119;162;88;6;68;41;115
3145406;OLARIA;MG;0;42;20;0;4;9;13
3123502;DOURADOQUARA;MG;0;31;14;0;6;7;13
3172103;VOLTA GRANDE;MG;83;102;52;54;62;25;141
3101201;AIURUOCA;MG;21;100;60;4;40;36;80
3105202;BANDEIRA;MG;35;53;60;1;5;25;31
3136405;JOAQUIM FELICIO;MG;71;88;33;36;63;10;109
3156452;ROSARIO DA LIMEIRA;MG;59;121;61;11;58;36;105
3161601;SAO GERALDO DA PIEDADE;MG;0;101;45;0;34;11;45
3149002;PEDRA DOURADA;MG;36;76;24;15;21;11;47
3116209;CHIADOR;MG;0;77;46;0;14;3;17
3150109;PIAU;MG;0;58;31;0;58;31;89
3172202;WENCESLAU BRAZ;MG;21;40;25;0;29;21;50
3156403;ROMARIA;MG;52;79;40;0;25;9;34
3119708;CORONEL XAVIER CHAVES;MG;0;101;41;0;82;32;114
3164803;SAO SEBASTIAO DO RIO PRETO;MG;33;33;17;30;32;17;79
3117405;CONCEICAO DE IPANEMA;MG;38;86;48;0;28;19;47
3160504;SANTO ANTONIO DO RIO ABAIXO;MG;25;49;25;11;22;10;43
3149507;PEQUERI;MG;91;64;37;12;25;3;40
3125507;SAO GONCALO DO RIO PRETO;MG;49;50;36;0;32;29;61
3169059;TOCOS DO MOGI;MG;0;78;35;0;71;31;102
3106804;BIAS FORTES;MG;0;78;31;0;27;7;34
3124609;ESTRELA DALVA;MG;34;64;39;8;24;10;42
3120102;COUTO DE MAGALHAES DE MINAS;MG;95;117;58;3;97;47;147
3144375;NATALANDIA;MG;76;98;50;0;23;20;43
3116902;COMENDADOR GOMES;MG;64;87;38;3;36;16;55
3167905;TABULEIRO;MG;12;75;48;0;21;10;31
3127404;GONCALVES;MG;14;97;48;11;72;31;114
3105707;BARRA LONGA;MG;52;110;55;3;23;17;43
3167806;SOLEDADE DE MINAS;MG;60;130;76;19;64;53;136
3110400;CAMACHO;MG;19;66;37;18;58;18;94
3158508;SANTANA DE PIRAPAMA;MG;0;97;69;0;50;36;86
3110806;CAMPANARIO;MG;80;86;48;11;25;11;47
3141306;MEDEIROS;MG;102;118;45;1;43;15;59
3104106;ARCEBURGO;MG;202;214;115;63;125;95;283
3166600;SERRA DA SAUDADE;MG;16;21;6;1;10;2;13
3113107;CARANAIBA;MG;0;49;32;0;31;20;51
3147808;PASSA VINTE;MG;17;50;20;0;18;4;22
3123403;DORESOPOLIS;MG;28;29;20;4;4;3;11
3147501;PASSABEM;MG;32;41;11;32;40;7;79
3115003;CASCALHO RICO;MG;40;71;31;17;28;8;53
3153707;QUARTEL GERAL;MG;86;91;22;1;5;1;7
3155306;RIO MANSO;MG;23;98;39;0;61;24;85
3149408;PEDRO TEIXEIRA;MG;0;36;19;0;20;9;29
3140407;MARMELOPOLIS;MG;0;76;45;0;56;27;83
3107208;BOCAINA DE MINAS;MG;0;70;44;0;25;20;45
3126307;FORTALEZA DE MINAS;MG;28;78;38;0;8;5;13
3158706;SANTANA DO GARAMBEU;MG;0;54;24;0;53;7;60
3109808;CACHOEIRA DOURADA;MG;66;69;33;2;5;2;9
3107000;BIQUINHAS;MG;37;45;21;0;5;3;8
3119807;CORREGO DANTA;MG;25;63;22;8;20;6;34
3167004;SERRANOS;MG;0;44;22;0;41;22;63
3103801;ARAPUA;MG;43;54;23;17;42;21;80
